11593
11601
11582
11611
11909
11977
11694
11376
11525
11714
11559
11410
11991
11770
11622
11287
11676
11487
11850
11519
11562
11499
11928
11405
11319
11592
11973
11588
11677
11547
11617
11686
12198
11996
12599
11795
11918
11928
12091
11813
12235
12068
12003
11792
11844
12415
12423
12012
12114
12628
12285
12301
12470
12599
11984
12019
12088
11906
11879
12037
12515
11915
12386
12222
12149
12352
13985
14429
14545
14606
14436
14615
14639
14470
14560
14407
14556
14636
14633
14744
14140
14335
12599
12316
12479
12836
12581
12728
12632
12930
12304
12321
12865
13594
12819
12861
13103
13127
12978
12777
12829
12876
13167
12892
12939
12860
13029
12703
12903
12509
12452
12349
12530
12612
12763
12647
12070
12438
12682
12486
12582
12978
12826
12607
12753
12576
12802
12615
12810
12511
12822
12802
12492
12556
12429
12532
12576
12690
12555
12468
12579
12852
12461
12653
12782
12616
12533
12808
12765
12745
12671
12882
13002
12570
12873
12712
12532
12279
12319
12240
12330
12263
12298
12069
12280
12304
12351
12141
12102
12368
12625
12545
12784
12521
13232
12933
12983
12808
13289
13011
13106
13454
13568
12949
12995
12731
12963
12749
14173
15062
14985
14928
14911
14958
14866
15286
14213
12868
12881
16749
16526
16177
16291
16599
16227
16308
16553
12973
12670
12707
12592
12864
12887
13197
14016
14128
13883
13414
13486
13573
13691
13662
13598
13700
13565
13369
13760
13512
13446
13236
13296
13260
13105
13051
12878
12952
12899
12816
13135
12689
13332
12809
12727
12740
12873
12540
12925
12549
12886
12873
13276
13239
13358
12879
13070
13511
12862
13272
13235
12677
12753
13046
13151
12963
12812
12858
12678
12710
12650
12881
12761
12732
12838
12803
12851
12750
12869
12929
13169
13158
13205
13140
13094
13092
13084
13213
13924
14373
14462
14497
14613
14350
14907
15243
14258
13094
13160
13305
12814
12565
12522
12674
12648
12550
12840
12850
12581
12543
12300
12500
12659
12652
13165
28172
29144
13300
13395
13858
14096
13948
15815
17933
18165
17973
16452
14169
14346
14175
13929
13848
13668
13900
14177
13773
14045
14442
14182
13996
13969
14038
14104
14092
13893
14061
14180
24534
27144
13562
13805
13898
13720
13886
13964
14042
13508
14583
13872
14162
13970
14159
14961
14758
14709
14506
14848
15277
15210
15218
14553
14354
14352
14873
14661
14587
14532
14679
14359
14010
13776
13967
13695
14017
14149
13986
14266
14453
14315
14451
14729
14214
14665
14089
14108
14501
14212
14474
14335
14384
14058
13854
14165
13887
13826
14192
13840
13745
13965
14533
14371
13302
13506
13730
13800
14094
14487
14499
14126
13992
13898
13990
14074
14288
13764
13658
13992
13686
13754
13686
13807
13920
14132
14039
13795
13845
13707
13967
14083
14042
14388
14170
14098
14131
14208
14074
14165
14134
14170
14015
13836
13784
13919
13908
13621
13910
13821
13764
14108
14030
14046
14229
13770
13743
13857
13717
13957
13826
14062
14046
13823
13912
14111
14287
13948
13583
14259
14586
14091
14153
14215
14628
14526
14626
14677
14407
14160
14500
13896
14095
13743
13734
15292
17925
17385
17393
17366
17042
17322
17157
15689
13288
13465
13369
13471
13401
13612
13387
13594
13691
13188
13325
13457
13479
13354
13762
13758
13782
13618
13579
13609
13566
13586
13973
13472
13475
13581
13474
13429
13382
13312
13514
13288
13479
13501
13466
14002
13434
13640
13433
13583
13463
13544
21274
13586
13555
14533
15343
15367
15259
15472
15336
15489
15230
14532
13866
13916
13917
13848
14017
13879
13731
13961
13686
13740
14161
13878
14188
14070
13995
14566
15142
15439
14850
14245
13399
13475
13252
13381
13460
13316
13249
13238
13408
12944
13372
13641
13330
13263
13175
13093
12687
13004
13304
13360
13194
13249
13108
13215
12947
13449
13586
13476
13379
13386
13260
13203
13511
13590
13628
13510
13458
13218
13347
13676
13538
13126
13384
13328
13494
13131
15748
18210
13233
13677
13061
13257
13430
13091
13286
13204
13366
13548
13241
13751
13488
13702
13504
14162
13664
13466
13181
13457
13616
13215
13741
13823
13754
14010
14062
13320
13315
13779
13882
14144
14253
13902
14552
14202
14272
14679
14181
14654
14436
13996
13578
13632
13872
13984
13946
14167
14187
13357
14200
13763
14166
14229
13395
13403
13723
13424
13585
14101
13479
13443
13648
13443
12994
13588
13187
13679
13361
13578
13454
13032
13001
13348
13246
13513
13701
13286
13430
13044
13236
13296
13728
13720
13884
13539
13614
13482
13483
13710
13948
13804
13653
13532
13984
13714
13682
13557
13541
13472
13621
13788
13532
13457
13629
13485
13885
13342
13343
13094
13135
12997
12959
12990
12998
13002
13181
12872
13441
12852
13170
13809
13527
13335
13129
13408
13281
13310
13328
13326
13303
13122
13152
13344
13470
13541
13432
13558
13130
13310
13460
13621
13612
13354
13719
13283
13094
13150
13025
13125
13255
13266
13333
13085
13420
13382
13408
13427
12878
13295
13671
12667
13578
13436
13040
13048
13068
12932
12946
13016
13241
13390
13525
13038
12951
12458
12860
12846
12834
12886
13118
12602
12888
12376
13018
12685
12812
12811
12880
12887
13001
12820
13016
13115
12686
12711
13153
12632
12131
12758
12683
12494
13093
12560
16546
16485
16402
16303
13267
13181
12722
12773
12772
12923
13261
13632
13420
13488
13295
13449
13070
13609
13237
13328
13195
12772
13109
13180
13485
13372
13788
13663
13992
13334
13337
13769
13987
13250
13356
13318
13145
13575
13796
13444
12984
13574
13034
12689
12760
12609
12729
12779
12840
13922
12596
12809
12530
12655
43830
12487
12548
12417
12626
12574
12491
12304
12363
12165
12255
12170
12185
12197
12341
12547
12581
12661
12507
12569
12595
