25034849
18647805
17262547
16898308
12213877
36510229
13802471
15199380
18584335
79365630
87031927
31525311
43047572
16244829
22909139
104137854
64090565
36968433
19100828
24075199
29099619
98648019
29500610
29619405
58235061
33667603
16459686
15514758
16200531
16175789
21203402
38543009
750255913
425899078
568490335
544484447
229109166
160290761
49653296
18289312
9801975
22699121
26914572
58321216
14112105
11547447
13137524
13417860
14201631
19348402
11938007
13102590
9261611
17514409
10978191
12243310
10751811
13354035
30408682
12844486
10810918
12629803
11104190
13617898
30135700
55834079
15205753
52986788
16442721
20480086
23380977
14195214
13313629
30300785
14171588
17104505
13120815
13367809
11752325
8900577
10835401
12052173
9038452
10335443
12544703
13781121
12450166
10135541
11381474
10804691
9292216
11445292
16086113
21809416
28674561
11391794
11935042
10484657
11007871
16006182
12567581
12745763
10102502
27923852
12703353
19828461
26814833
16108865
15292734
11071396
11187253
10985424
11242639
11631543
14830323
17050692
13115683
14450805
12158140
11789554
17385324
18432196
16670238
13017448
18338983
23819112
19079096
12109437
13944524
12115145
12960845
13295109
11084139
10876933
12721414
15444310
15617897
22568350
64807296
16220186
17933318
11721749
9921831
59399470
10467362
11942292
14561632
50811144
79953758
88578984
83160525
23459557
19812837
17233813
15795368
12985777
23734459
18653883
29876022
49581619
101146871
42112262
13588327
11136538
12817686
14768863
21951027
26453837
29579712
82831931
13795680
10521885
13752272
17335488
17063937
20787890
79143605
250756266
44289580
52425211
18625595
17633941
14466897
38366272
45581251
45721907
32050339
58638947
65219189
83456760
46467242
63482656
22205850
12707915
17440665
18192776
14981986
20617278
27600596
24318380
76915537
712837189
229724157
215378676
225352557
159672560
21758010
25221339
35994068
38575525
46859313
55167394
39340831
21185443
60644021
92171523
31450436
16687959
20134330
17035499
16913076
23506092
27490372
17136435
19853467
218769050
19051658
16064866
20279878
18124673
26718038
23912896
66168120
25634698
30553657
27432797
16315636
17068414
17791857
21015756
20070372
28302149
27911823
22169072
83339945
36411856
28145017
51518716
33192286
21509495
25519303
14524176
16445851
21809235
31014468
21418554
21042044
17648532
23592951
13500013
16616749
43784170
31257163
24718225
15663524
38292344
11263811
29565982
35811313
12393346
10920310
9890336
11832303
14682463
17398064
30785459
29864223
40368203
43670997
28692876
21752453
15240713
17717116
39509321
40662188
53341597
26132095
26628801
38877227
15822845
17030093
13790001
24918266
49561466
115742912
23280429
20398159
14837309
21662706
22875760
23509717
51289774
26763155
24926809
26063018
284907280
45179917
31594443
46585050
108259013
48004079
156782592
56471745
81319100
32964947
33835423
38257217
21730134
32060766
25639568
29774954
32516367
11841822
20990490
20820731
20077824
54161559
34560708
19374213
25102664
147135627
46834304
226695271
28382516
40802122
37356939
43146849
46891548
88708671
62139581
118062945
63552290
26717302
26098207
46273558
36850405
41954551
66542766
74463920
251408584
66641100
37079768
54810670
70446351
70541390
34510511
29297484
29998607
23332855
30487581
39218563
58533268
33698884
78656294
65907906
122105525
50534299
65386371
66723201
47338292
45322216
71492337
58731740
52441764
51115897
28578882
29350490
38211763
54980482
49739990
35292492
39858415
34927446
31380545
27540127
29117241
28567481
41195599
39760446
41787438
47274101
64932835
60262573
58883203
43957036
50543588
27990360
16509739
18523326
64649893
18613948
18434164
16174032
92628268
16038896
21957602
102102383
32236047
127762864
72133544
88339625
38037908
61288624
18356528
26507149
20905115
23827985
31798800
23843495
26596853
73498198
28132019
31310322
31382878
29159108
27730071
71348204
24159234
34699991
27432577
25670013
29323575
37751833
32008159
31385073
36838946
29618568
31141257
51781577
36494080
31230851
29328756
30677986
37170771
34459975
49669735
43176179
27062540
30842231
32501141
31269895
26914282
25918766
29626058
28860633
31793524
26871277
31049703
31885647
34869238
36918357
51257382
67361380
50376022
44090606
36780557
46946303
46429890
44381145
44709861
32411363
35742702
36318132
183232625
300455577
35738322
27467898
19200068
22950570
43846066
20152191
22089321
24923570
17696892
20238003
19323078
16173421
30816210
26642719
71763685
21216201
27012191
19098497
40367126
26990221
33770958
56416888
45280635
23424053
17420945
26753724
29414197
40976758
38889525
42360125
31392151
28702588
19175535
21955464
27191265
27680858
32098303
26030265
30216971
31576917
41658952
32498383
33489858
33601952
32259298
24115903
34658379
22221165
32521466
36750447
29486367
30918877
41101990
38311378
26215530
21356392
23027257
19020442
19018977
20574420
18158309
35314140
22288409
25349856
54161354
42997570
18267039
18225172
33096704
26052576
17416896
19208503
16959218
18394966
29083433
23010101
88237242
76999686
224538814
241503992
76304065
116130762
50538253
57641388
101283357
37615222
100250839
38073667
81493577
26107992
15780146
15665572
17096163
22639270
30243648
23907992
51244141
38526218
282204242
909277462
721580263
648844855
573907757
19907252
21147638
24240663
36092857
44650321
28601927
33535703
26315849
23556225
21906583
27689633
26968757
29148510
36899627
32985410
40287652
68101181
66217962
86513354
87143539
61507904
54712186
62628500
70543208
53684778
59724865
46282968
47989557
42545386
48151029
51998960
50707543
55343373
53336449
56787982
62374278
53230313
58830559
59836156
67654574
57813655
60599810
44140343
46800601
34094612
44427732
49821878
40445709
101471564
38745287
85683182
42999228
45835517
51729419
60690753
65612240
60134899
69452739
82824297
68414666
70005316
84983321
59255190
61010593
54069889
63712827
56871516
65090975
59172945
62282072
57038501
51111623
45166451
47542464
53922318
64101561
87540193
129583051
99016270
101733691
79178478
110920367
111503181
88376672
84956497
85705204
101544125
96923062
70310345
64086323
61718764
59390071
61595344
35651236
21631036
29041785
28244652
31363853
44138120
67743419
51494951
58491060
55967177
54467985
64852425
64114166
22095268
42162149
53667838
13876875
58724971
44341223
39108167
19282112
37513844
68594943
57582284
22426275
27239399
21533478
22858847
21324355
15143743
13899384
11280684
14571954
29194112
25372624
21136576
12098045
13476103
11861102
47240554
12865054
13907753
14339657
13166429
12470500
24045930
16702665
28204982
24745229
18427355
24841108
16726923
24892166
25168746
64445463
341420538
17668259
14578884
24671500
35559799
25769313
74203708
45886073
44680320
18188558
26928977
114275012
77997078
37299189
186601021
542957580
32588681
264583055
26421249
20242751
13257414
144738928
22467428
141402931
660445925
98431600
20983420
109507295
111946774
16924316
48575559
46747809
55623859
45249570
29943711
36141625
27565077
22743127
27571826
23424049
25947595
51143744
66012924
24856653
36280636
44457379
41868080
22275445
22091284
26144031
21644800
22857670
22411445
31252033
42587935
127868359
59994383
254870400
39834723
45996038
21927555
26123166
26071327
33913749
28782462
29138201
28033443
29632487
29966511
31801976
32985442
38756073
39142190
39315865
37771456
37438801
38912708
41582255
43240587
66309071
66394045
42077181
45670588
43380330
41904035
43386722
42492578
43260355
42953663
42407612
67547069
52378536
42578726
60125900
46166284
38585423
148717927
123847349
132572079
76713746
106165858
75824152
60516987
44126978
42085049
54076759
57409007
136189842
193093227
85460529
241040343
54714781
93111751
95574268
56503890
48408629
77339101
41749928
48425276
63813628
47451614
62896076
49786697
39142103
67839872
46200252
62800861
92559364
70862840
80624845
64082744
47905068
69939430
49360034
36080993
77411581
637164344
42726715
37639171
45168812
36560902
43826861
37700495
46134163
68287559
69117257
45682573
43611434
38728806
66677248
36717679
38477682
41067100
35159778
41034998
67196923
53985072
48202664
60472191
40330592
37133355
41220161
39951074
46523971
41147882
52344428
56733017
92782800
41664641
34521801
35707559
48380469
49693579
41205972
