3.417493314931424
3.2775622791138694
3.200742531514419
3.3066919300663162
3.111512301620623
3.6570927611254906
3.184624593808791
3.333157524613221
3.413882863340564
4.172443230322691
4.635781642010555
3.946976336546889
3.9651405220582103
3.3236193712829225
3.566942006539322
4.551785239656241
4.235782802329565
3.7709584747975975
3.430379746835443
3.53702578348815
3.7390589863345443
4.681537525002174
3.6443661971830985
3.842612889083735
4.185440409930206
3.8472222222222223
3.280380856928088
3.4373489817052123
3.487111415603323
3.4129211050489303
3.173452698631316
3.7094814307718638
5.8397278242334805
6.0953651217072355
5.802285895706008
5.797795676133955
4.83067628796778
4.81799128101945
3.811429989248201
3.5068145263692543
3.1172047404985697
3.566871063970832
3.7210697325668582
4.204375848032565
3.4337217156366093
3.280306081353202
3.308540610158577
3.2822177822177823
3.3304441142479777
3.430947101678809
3.2275946275946277
3.275018291195838
2.943785084202085
3.372569251527899
3.0110981308411215
3.1323737415758384
3.0316843150231634
3.4210482109860574
3.4198164828689284
3.139818891750436
3.0254894127047542
3.1186739404112465
2.9473599224931375
3.1777123220422188
3.7422010041978764
3.709925518134715
3.0693600286020737
3.086700395037771
2.877758679958749
2.8964808982609886
2.8886810750900525
3.0086897023605883
3.0030056697861878
3.3436765722183828
3.0039835164835167
3.0372041368779064
2.849752679307502
2.874487564908445
2.7415430875418574
2.5844411285946824
2.891301272984441
2.819183815835368
2.810223033574093
3.07104579408899
3.033816812244571
3.1312714241196633
3.185756299181305
2.9884506599622878
3.027390753641545
2.9507347254447023
2.963589076723017
3.1719827936044154
3.3799455888068404
3.736648521406503
3.5983306030111555
2.9521810123629577
2.9825230863161107
2.8365201493105814
2.8333333333333335
3.201220943883541
2.9702237119027206
3.00318421870146
2.8250930356193513
3.3465715172199815
3.042970863281552
3.2742612752721616
3.329572492132934
3.1250098401952293
3.0078276369836474
2.961068031017667
2.9755059428204302
3.2114341242205846
3.000558659217877
3.207659372026641
3.223771840476377
3.3704435834585276
3.128169014084507
3.247387039716996
3.0047311149660936
2.968604837417908
3.2260371959942775
3.29526891662814
3.2312490254171213
3.105576267153169
3.4002195561828588
3.569815521628499
3.3391657553507264
3.0160126833135155
2.9066354410616704
2.9622731995843656
2.9200592731243176
2.9633650992032496
2.9863112391930837
2.9465594138260593
3.031297771341218
3.1528886051707627
3.243400127226463
3.467612293144208
3.861409796893668
3.3779274943856272
3.3416010811670245
3.061702458761282
2.922799133295883
3.561684975895045
2.8702863401658583
3.0770450221940395
3.089124710763584
3.8088694565896315
3.8842146494320406
3.8716359356610437
3.9797174650777367
3.5066759819903743
3.3981695123827103
3.1230708035003976
3.1125611745513866
3.1089521711768406
3.382141717203958
3.400846974509325
3.4582352463674
3.8703431372549018
4.112489862124899
3.7101851096795238
3.2672792323955115
3.135968182948049
3.1482084690553744
3.0902958387516253
3.2033843413488787
3.3979902808664852
3.5103288712609486
4.1698738680465715
2.9774257425742574
2.9043443603029093
2.9738735919899875
3.215078667838032
3.144724909310762
3.331168329080646
4.092967727027651
4.523110555902561
3.4828805779215894
3.749519637230036
3.254158400732489
3.343763936375799
3.16015625
3.570468762066569
3.6998076183147366
3.8228733013903073
3.584278330633341
3.8781865244332887
3.356170182741833
3.5614128269818086
3.22349015682349
3.590434083601286
3.0331969686808398
2.7806524936488834
2.905758105744652
2.9020018317414626
2.8582283824667556
3.4017718371153247
3.3826566260383513
2.749895516150218
3.397131792327242
5.477344377820362
4.07396722116506
3.821676004578589
3.9479262956800394
3.894898209467746
2.8264362955355526
3.691127726817236
3.6828729281767956
3.7395923506728574
3.9077986022871665
3.8843283582089554
3.7373321952355085
3.2565734636659847
3.8386843607305936
4.08076160815402
3.408485197723835
3.167660653049053
3.113006080379653
3.030943785456421
3.2120371046672997
3.54852876592007
3.6700985439035154
3.233941605839416
3.1772207887946924
4.355897972922432
3.2771802325581394
3.2430432208407343
3.2112152312955526
3.219779389543669
3.2964801444043323
3.420361990950226
4.184814956123617
3.691211401425178
3.6038981208262153
3.488187152563311
3.0898519265059305
3.1585518102372037
3.3244765892653216
3.3536133659074787
3.1705670567056705
3.504489031149973
3.6138131531389956
3.7414442700156987
4.326031228151946
3.4454545454545453
3.315203094777563
3.593752490238266
3.2773552692844947
3.0797017012351433
3.17241639047906
2.9274114359090566
3.1387183710136246
3.3515800916220204
3.3571537872991586
3.0915550292354377
3.3518892862696315
3.0414406268836647
3.4083112958065733
3.1415161315768714
3.0227397475103897
3.5532730338801164
3.1291156566040605
3.2578106919694516
2.9408367155791444
3.3322445170321977
2.912052374191513
3.3863099921321793
3.655573122529644
3.1045726263488858
2.951336102186349
2.798617656299089
2.9329334787350057
3.2421307506053267
3.27741031826317
3.6054117647058823
3.316419302199083
3.703225307448372
3.7602703318399273
3.4567563459492323
3.3645588792124195
3.2471080669710806
3.2448449671605317
3.713794683776352
3.7733109140935492
3.6204495572542195
3.0894139615053144
3.0919780143324287
3.479394274650809
2.926467545009312
2.856292342434818
2.813170731707317
3.091299389548534
3.4995735747556256
4.321082900827606
3.404689170612494
3.284270516717325
3.1793310785419013
3.533947245200562
3.3383207321925985
3.215061491774477
3.7778128451948874
3.700268817204301
3.6735458167330677
3.356853582554517
4.717509727626459
3.618710754312058
3.3884238220521405
3.85869918699187
4.4508
3.8454064302077575
4.647170407840657
4.144398025066464
2.5862558568791707
2.1992519901180345
3.3606766917293234
3.50869727510265
3.1928128157021214
3.2491486946651533
3.1112704330369945
3.0009484666455895
2.7458317069090503
2.4769611890999172
2.751905636232126
2.792183321176757
2.9914602300797517
3.3324271573957898
3.45679012345679
3.2596022686481443
3.311525129982669
3.979587357330992
3.6959712230215827
4.408760668688721
3.51223408117331
3.568956924172303
3.4854590776900705
3.5966013256240306
3.7522149185481566
4.136373398238958
3.8030346203162844
4.318703913783324
3.87553221686063
3.522061469804938
3.573927885641135
4.023413258110014
2.5541289638868507
2.4287872089596227
4.251290370151895
3.9956537486417965
4.584976255576342
3.8072886297376094
3.611983292524845
3.856201661415067
4.085386697051702
4.0617411904056855
3.423643969005006
3.25
3.3525631972885184
3.3973514674302074
3.5063916943286957
3.5213555243633445
3.870849708632606
3.4533958800734244
3.9787674065903764
3.7913523706896552
4.674674347057668
3.4389875082182773
3.6611249835720856
3.9162372019514877
3.773024940783057
3.5416666666666665
3.787736166207221
3.5842029875179047
3.677795297182423
3.596958436553812
3.191634307514136
3.2477192005014275
3.5469664525339044
4.119337979094077
3.7138970430299993
3.3076305220883535
3.400941713633445
3.4485829387235847
3.230730730730731
3.148955558670966
3.2739915588459145
3.2982885085574574
3.7019583419832536
3.49433091180664
3.5927958350921627
3.6258438458915787
3.890056072112996
3.7037850864757584
3.579822081235777
3.3084717140444693
3.5902998480033164
3.2329264039065224
2.967255283648498
3.280125195618153
3.6834849141042296
3.3084362866219554
3.3507597033196515
3.3938955590915665
3.831313416009019
3.428034682080925
3.3171335030920335
4.297099892588615
3.56326979976605
4.397884628766265
3.903924221921516
4.220864800829261
3.559941733430444
3.8884057971014494
3.217255569745991
3.3605991578656726
3.3325746603214013
3.5315729859832934
3.4967124070897655
3.3376744855374874
3.5568977841315226
3.9251101321585904
3.3326567749160136
3.655187445510026
3.5213061941719137
3.289594053744997
3.3658483121437968
4.007125199941835
3.299868478737396
3.7022524806257695
3.34992816091954
3.1530568921596376
3.415556663580027
3.7337441101848494
3.5979053810039727
3.6296053111548843
3.7285028996921317
3.321735425690549
3.3715282723258797
3.88302752293578
3.6038108680310517
3.426656263299759
3.3434293397494868
3.219453828828829
3.6085689924683813
3.308930462407342
3.8769633507853403
3.7314749470712774
3.3809489832322512
3.389780283318878
3.4199796865931513
3.4718729793807026
3.068881219442048
3.0511709859775347
3.385190510424155
3.2817451703928806
3.429962220284801
3.156294301105756
3.285744832501782
3.1790545350989605
3.1257291447044766
3.186710239651416
3.6096922069417157
3.631377643068485
3.3411095720638624
3.4003009242673925
3.4001880514971794
3.6274356421561658
3.59661113484266
3.4239311292772916
3.293918918918919
3.087307774076961
3.256106950374466
3.3606251792371666
4.437384966502245
4.874465250017533
3.3237350884409707
3.2265985380739477
3.143220518617961
3.481252198381991
3.782745419742959
3.234682638028363
3.2482565294680708
3.3091231178033658
3.2299576594710904
3.3075564971751414
3.255310344827586
3.1733592400690847
3.343738914508691
3.416357418322055
3.897844764817242
3.220180486528904
2.8647698744769876
2.8166235260281853
3.3153567527166103
3.119486352643096
3.2716817274967727
3.6305276526959935
3.25016028443201
3.1434125820638665
3.3442956050571944
3.7010025993316003
3.796469444236667
4.463365748645238
4.256771882695321
4.250881575080811
3.9173078359602598
3.7581285861409444
3.369731940690965
3.6120715802244465
3.7933958724202625
3.6382551831760424
3.6294235477409305
3.656507413509061
3.630504287167563
3.592746038668411
3.8438543027136847
3.594580702012043
3.7147065321452244
3.79498861047836
3.993955476927613
3.7526129839540703
3.8910040792957847
3.5544091448931114
3.8955102040816327
3.841616964877402
3.6304735045272376
3.751954724849207
4.1316694066656705
3.793269230769231
3.526565043658428
3.3719145093317278
3.229245492989094
3.130879194133768
3.3669241051537204
3.4003713755177833
3.257332142325443
3.5483870967741935
3.4685476066403633
3.5927262018699846
3.8150486518606552
3.88171884229179
2.549356021434615
3.4422199322832325
4.0401327923275545
3.500997729305718
3.0226161767581305
3.13483438537125
2.9675601284487843
3.0545501551189247
3.383607198748044
3.146168248434373
3.642678923177938
3.780484448114506
4.391028414827636
4.315607933314171
3.8724581447150968
4.030040439052571
3.7479489191695796
3.708048130268751
4.18738620639429
3.702886612706826
4.241633786351016
3.810844250363901
3.945554692465221
3.5007926214151897
3.1095291795883844
3.1818052594171995
3.2871025366202216
3.116572840862282
3.185972790912693
2.998769350346525
3.5556228956228955
3.2001404001404
4.945891484439137
6.810389610389611
5.663522487171748
5.426873925715567
5.632763744427935
3.4672574346650644
3.313759529021058
3.2913582112101527
3.8343526252983295
3.9931242274412857
3.6462010170505534
3.687339637856462
3.5253563390847713
3.3397421397873783
3.3570398481973434
3.6316352249293518
3.624576337983763
3.4873884958474317
3.742257967528563
3.536377245508982
3.697438229498257
4.404634312023549
4.29325602685383
4.295573212258796
4.780335212790608
4.05918655662131
3.8310025025761814
3.7968239833778568
4.062784961506839
4.013148065142686
3.8851432880844645
3.708702567598273
3.8884612537932055
3.6847682119205296
3.640666275315527
3.6439674315321984
3.9137316094516272
4.004009683764563
3.7309507754551583
4.12869260017549
4.000147732309056
3.78767332012799
3.820457262402869
3.7875150060024008
4.0644730991551805
4.037697052775874
3.376936753873508
3.032784184514003
3.949444570392201
3.505885793668202
3.8451879641681344
3.800709059364864
3.45204765450484
4.008555496142388
3.786165888905615
4.266585883065738
3.7442765225198262
3.83414526129318
3.9210784683936257
3.79936004654207
4.021797153024911
3.9345351043643264
3.8921060426540284
3.6875441321847195
3.9069086651053864
3.90628248923214
4.430392231241939
4.025265660994278
3.8624412455934194
3.747029890276201
3.9318099119423624
3.7916515951674743
4.193761814744802
3.9508208422555318
4.024747546579434
4.154129129129129
3.9366879459256476
3.568401190216997
3.710272295058349
3.8970588235294117
4.252508243878482
4.325780463242699
4.477803738317757
4.541754682439093
4.851387331838565
4.016894883847674
4.6609547986742825
4.3508257131158725
4.178027154336381
4.640968848242355
4.700544999263514
4.852919600938967
4.560265282583622
4.098755720823799
4.175605908504231
4.168701912896167
3.8049622894198913
4.176686381672531
3.7022535211267606
3.487466395407978
3.553790766624312
3.5576639257853677
3.656662933930571
4.162351712303216
4.2651752532245135
3.935563170441001
3.9109311740890687
3.962768597971775
3.7641516432969806
3.981923677750502
3.9235052754982416
3.3562448858141782
4.029629059565954
3.651604356785399
3.190187305679836
3.555888588347101
3.7518898286056435
3.631536308734718
3.341162479559982
3.5834868017188457
3.9706945619567726
3.699280791129757
3.3248527857466406
3.4095315621993634
3.2911466316327274
3.3378744543128103
3.6012658227848102
3.375421649800675
3.3573587186461165
3.1959987966305654
3.285839160839161
3.491253644314869
3.3739556323825988
3.267449590073122
3.1635816071690908
3.2203678979379915
3.057479789364385
3.721663019693654
3.104244336105535
3.1719066937119678
3.1163114333846043
3.04825598581141
3.0613558352402745
3.3944873851538575
3.320494079812893
3.460647635907649
3.218299977845063
3.2935718527315916
3.4273548197636003
3.192268639396577
3.4949748743718594
3.7113769785241884
4.2427911071978865
4.8167593622543565
3.2598487576521427
3.0870933892969568
3.592745259686727
3.7323201466320453
3.5501332318233727
4.256520735554359
4.089127247472799
3.716089299461124
3.3868287428835204
3.603830179972312
4.69493968591154
4.555313859540087
3.741909084145525
5.343370681605975
6.0861047835990885
3.7083785936707945
5.020699342056627
3.606674165729284
3.499047909208622
3.0355011933174225
4.012649649875763
3.4616078136739294
4.211809723889556
5.225348941918055
4.14658347741111
3.2717573540618807
4.211298661800487
4.028627098321343
3.1961395694135115
3.7615390296137656
3.7207415128052412
3.9739637114618676
3.9607006854531606
3.6840721262208866
3.775260029717682
3.4820497760810514
3.322436085806641
3.471169686985173
3.42612435308696
3.487389896860649
3.8214449366121888
3.956958174904943
3.512092130518234
3.6955428571428572
3.879969822708412
3.6033469018543647
3.39975999399985
3.4584638899503246
3.4656482861400892
3.263488267822448
3.409904534606205
3.3344008341401654
3.693508308743594
3.6843174125611133
4.045424621461488
4.190968658719507
4.93872440712918
3.832762727002084
3.919325153374233
3.2618792152053953
3.3529231711049894
3.4224404577791523
3.609222926000309
3.438383527965581
3.420360999924477
3.4093353248693052
3.5103142329020334
3.440021475686455
3.4391166705273726
3.411944132284476
3.7748833592534994
3.706834812392963
3.6785881252921926
3.777588080086916
3.607485897240433
3.694969052531344
3.993715083798883
4.008645765998708
4.542556460285758
4.413480488766259
4.017717764595692
4.045429708843963
3.9316770186335406
3.8895786451462713
3.852934389662334
3.931201248049922
3.9707283343577138
3.7478459778879145
3.7597351411004256
4.089450082605617
3.828024024937277
4.058106396453452
4.345396092655181
3.836181219626901
3.710242056295829
5.429406114935169
4.379974031925457
5.072213375796179
3.7826665054998188
3.856960873521383
3.8241677844165345
3.582837514567871
3.9418105072736864
3.7894696912222137
4.172850180789184
4.412980505754326
5.288130284998434
5.934457943202043
4.672875348767061
5.116857394366197
3.9996274217585692
4.323917556346382
4.522000752162467
4.134433786898654
4.100918133129304
4.157763244911456
3.868097000831004
4.088985594237695
4.0562334217506635
4.060914500469778
4.295674727286597
4.309635811836115
3.6812013348164627
3.9279090637152256
3.6411372207716854
4.064334333601698
4.31961120640366
4.306884655767211
4.276898852815476
4.6138426901009515
3.8048187602774006
4.408754716981132
3.8117699910152743
3.4792761675927317
4.172308862685432
5.56950276243094
3.7256451145259497
3.741817911335912
4.038046826863832
3.6988360100191544
4.016802209605647
3.9193789896760975
3.9723354231974923
4.298120390197478
4.239846020897164
3.8233821112763127
3.72196261682243
3.682947852320069
4.1111463956811685
3.6337731282691856
3.750199521149242
3.8372184907151325
1.8630618297969428
3.7136221670537357
4.386117309531399
4.055730047515503
3.7283383494376685
4.142436774296167
3.9780642062284843
3.9976430429128738
4.302434684138154
4.045540484997945
4.041370869033048
4.300575184880855
4.3481329503487895
4.635320160695253
4.714690867838911
4.053957121224197
3.7953262856688657
3.718110733749309
3.8715119533061486
3.945182592091654
4.2375545851528384
