2147.8005117194484
1596.6884104348044
1480.2186387167978
1444.4363853281488
1015.919045400207
3034.987449277182
1170.1618261925719
1324.9818330679211
1600.869048046059
6757.870724322351
7507.874266000011
2747.375891383407
3574.2678199290185
1369.14293405426
1958.4642418795702
9205.634932360665
5471.143875463254
3204.0642806432797
1600.1167142012905
2077.531900209165
2502.8520793071016
8556.917800714404
2459.9421027338576
2582.288688307861
5127.376602226191
2889.5814726164067
1363.9727521482262
1327.0488018084466
1375.228167359895
1389.217042710628
1815.1338118978858
3284.4606100858728
61472.36691817172
35466.270832136026
45088.195134090405
46128.6956118802
19200.457652685378
13414.979532114226
4092.1057034490423
1535.9382630517055
791.4252495625725
1868.2122170241762
2228.4740599390643
4928.152260365721
1179.7077821305984
919.3601719569015
1046.5697789460892
1106.2650084684751
1161.240237097975
1520.411212057649
961.3373744741364
1054.438875954684
734.0455167072491
1378.768565753132
907.0039656164176
1008.851185071581
880.2704223122067
1109.9187204194432
2548.1736994022035
1057.2251960454344
854.6832496099521
1050.2657318543745
887.8244533080676
1104.1140573417358
2466.504615486726
4506.482485678634
1077.8691970517716
3662.71484772209
1122.1909009921374
1393.7797808513192
1611.2854052716636
962.2248304070658
900.4449667158568
2082.8616376233276
964.2994346814203
1178.011109778301
893.2814240941299
905.0885784135252
795.6223956786703
596.9951757184982
757.9346485190521
832.8037198776907
709.4970428819298
829.7569693843585
996.0610408924481
1063.8256316343375
979.4516244757415
787.3875944570641
891.8382301142834
826.9227856159939
746.4362555188153
918.8640993791832
1238.953970147977
1590.378784882206
2223.9317266774574
877.0473206847063
901.9678697847636
790.6634548820255
840.16693635451
1242.4861595797774
970.8005788030976
980.8661750112898
759.2780579684311
2154.78339423358
972.5281790096562
1531.1502084360952
2047.002288413104
1258.3493256998795
1176.1605990403625
876.3065025294494
889.5765763980929
879.2667378324757
888.2543492487903
911.9709118383727
1151.5851216508754
1336.8406319131302
1076.8494384860921
1151.2815396432068
949.6642261577147
935.4092337897051
1371.3542481494637
1409.4059585068171
1289.2813125993057
1022.9125468374494
1426.4517587520177
1881.2697759203977
1479.1714843232724
950.8273298016662
1080.1169661186373
959.5843811813035
1002.3019077168823
1029.7365894578559
878.3809365370604
857.5915212944346
1014.3379857719838
1222.449175345381
1231.3614783875164
1766.4114411866701
5146.96096002207
1289.5349058100082
1414.4890007279373
902.6823895080449
787.687965072745
4681.811357376363
810.6757107460885
937.1307159345924
1152.3205495656614
3952.633675238929
6248.427016784949
6935.1072574663485
6547.221197015422
1808.8146193028476
1512.2823932045242
1361.2737159482554
1217.3272662829602
1011.8713106708998
1882.46943211793
1507.6037976362272
2413.239245233312
4035.8063100138806
8186.402187884123
3420.3258581017585
1094.2465810017682
912.904787157722
1033.874288321039
1190.7802894435872
1767.0055136038889
2167.3381855652065
2431.8778886884975
6679.889884782399
1083.8620646601266
830.296150916063
1066.8970020160245
1374.1763272216876
1279.7069114113476
1596.2558266482188
6079.188846024708
19557.638441532246
3320.6696030793173
4015.2402339918954
1410.560689636566
1299.5031285707862
1056.2646654236992
2950.1270327614247
3493.9105771108916
3576.769427327419
2459.600607570001
4584.45351193453
4590.386372181331
5528.198027698498
3090.526161590677
4239.6982793389625
1480.0257908591716
841.8411098289166
1164.7480806607105
1181.737746876456
1045.9349419681228
1590.6410350948108
2131.294688727543
1444.3683391442048
4642.673279920513
44034.855532298665
14084.69534525555
12960.795479301483
13871.919701586849
9775.88691780541
1306.4563735576198
1930.516407060313
2827.3257919034318
3021.785103574643
3706.084970946312
4273.422098927781
3038.7855877642173
1594.717378361313
4312.035407059763
6507.379307120133
2253.7741468316626
1234.0362256741507
1483.2893206829615
1245.915346909056
1225.0254514848339
1707.9533981442255
2008.17856023389
1240.3762932218121
1453.4855850509155
16344.931456155497
1373.828258327156
1178.4159151909325
1497.934266601705
1358.9797266358744
1998.612610954762
1791.6869458709539
5031.561722867233
1950.5691197565714
2359.558664725556
2105.8681433474244
1255.3288519747482
1321.8286378527168
1343.4858835762063
1644.9717343246386
1495.3759473839384
2197.2703561466133
2180.0591570393085
1726.117136376908
6455.296562332117
2891.7856212873885
2166.573606388889
4092.489038983607
2565.0998550573986
1661.4153830539624
1912.1490161859908
1088.5052679501086
1221.3096238107053
1682.1619726172196
2361.6803983257155
1575.7101433228308
1624.750221513603
1320.5064201057055
1771.0015478486014
1055.0526244423897
1293.8308951209533
3343.5117641613797
2366.998461077575
1896.2157214110368
1213.9181356715633
2966.9910290406688
879.9732559081158
2314.7313310732793
2817.570619135544
952.5032327210478
847.0462173584091
768.9770386163651
913.0603875783237
1136.2872291397575
1343.08816685148
2401.54680992915
2309.634123910685
3108.5850626896217
3302.057268848874
2168.69196643577
1635.9688764536024
1149.3279025960196
1342.542311518546
3004.0293758545895
3093.541702854098
4023.9465340580605
1867.2218959792538
1843.1357688077373
2676.126909105461
1082.8922959508702
1157.248628885947
953.0617498771221
1662.0254069588173
3239.177638732795
8099.080521986992
1766.3544029380253
1539.2256492399317
1105.0597606953904
1678.0610841995099
1809.4493273839034
1867.1363871101426
4032.5779012942853
2102.3069828497773
1972.7049814519723
2018.5615963305504
22149.517864619665
3578.0278161931824
2507.4090408297125
3772.5128796094737
8640.911419364384
3777.3037728382055
12370.325400627664
4272.36023542552
2879.833359306217
1126.2690757506703
2532.7226190925653
2843.770939660943
1557.8629531075994
2263.9014606822675
1828.5454049519635
1873.6976911656295
1805.6744270845763
645.7678837470872
1160.3171839555496
1257.747779889809
1408.0759380814252
3764.2719681362087
2426.195787229203
1380.301333778669
1801.7622819594342
10749.134131182776
3355.714185208814
15970.918405294604
2048.400144380034
2892.362012472623
2574.53894518792
3029.4314734273235
3336.2744127860706
6333.28564741293
4412.0635696506715
8352.232588342087
4494.7936193212845
1910.6715963539255
1843.2975180957026
3247.109606965143
1495.490161274405
1539.7298977911387
4888.486477098866
5378.016641740613
18068.529295073462
4842.727585357951
2657.252294825337
3910.2707857997807
5000.141334667701
5205.69577345436
2354.7677931533813
2101.4245242214533
2107.0068247402505
1658.669527701563
2140.93503577757
2608.986526764003
3951.22251250167
2279.1124687526153
5406.497687879604
4424.466299143211
7970.9159606912
3310.6124839217546
4283.242963693987
4569.504768307652
3283.6806824059067
3145.3590498450053
4792.506883820447
3993.1380738958583
3581.576584484341
3504.533469967842
1936.736421601401
2033.5006520517386
2714.882483662322
3974.0648815569875
3547.457774225146
2566.094410558995
2832.010323720986
2456.652473257659
2233.273590155253
1920.557021549405
2003.8966991932325
1984.753916038158
2837.0047287118223
2687.256417722935
2926.9706699258586
3210.4537337339816
4593.628553967932
4257.7997673580985
4047.8153821082847
3082.006168025821
3479.136000974391
1942.1369556164123
1138.9803654922391
1306.8767155332582
4652.946519512482
1303.1345882010125
1316.2127492973566
1158.308754867002
6512.115569643582
1147.128347004803
1586.494042565268
7292.840553707412
2205.4306112584604
8870.983849118456
5407.518659986243
6522.953217848121
2757.7498301484525
4426.084938039296
1292.084912974645
1818.4260530121005
1430.72545175497
1674.3455626812856
2260.4145117767507
1704.4661313596162
1888.4816447015742
5206.861380284063
1957.8197006121518
2261.437773874988
2285.365668464904
2073.1628476918963
2014.8343707064685
5171.394161818649
1754.362512038675
2499.510607658901
1959.509087639824
1806.504099768836
2077.056460034621
2722.6907605725796
2298.948106843215
2276.537280670251
2623.668682108507
2092.109438102153
2206.355130109598
3583.8640627861523
2562.4592656469913
2203.526220923873
2064.311962170483
2148.8402127633294
2628.0732276934373
2421.806009199859
3499.1714333700584
3033.0894327596625
1919.5388593217913
2217.638545456314
2346.192668137004
2234.5079918288307
1925.7474843103812
1893.5437437650723
2118.379306199918
2077.402712126347
2298.1397474259375
1894.7214609498008
2202.2974660703353
2259.9809680932553
2440.805261828926
2670.9165554057
3716.6784827928955
4847.993727141582
3661.361737136715
3147.469693966986
2648.684417726483
3325.364182574693
3292.623978266144
3198.950572491826
3202.9123897053223
2287.35486052039
2491.1617487683534
2592.529829031643
13470.159058820296
21047.533297773734
2439.132546479268
1938.911182375293
1346.727809793132
1602.4127157015862
2983.0975912609597
1376.8554982021287
1499.7264857472037
1687.1876070335018
1217.921090461853
1418.2975700173847
1322.0290235257162
1153.8201912493
2175.1415101063217
1926.9677365111938
5210.064196609923
1377.0356822078265
1498.7493557709522
1090.628438067498
2309.8918684676228
1544.4678720379297
1970.9272452528155
3243.7692747345714
2628.629498866923
1483.1429231756376
1299.8440583690428
1973.2111575528809
2185.766115145511
3021.928117508148
2883.8666851713556
3093.899224172614
2329.627508758929
2097.2923883190015
1389.2390926104829
1651.7591263438417
2026.230410420767
2043.748905865351
2368.18369097197
1935.878493299081
2182.501098261856
2282.2598601566365
3007.932083474001
2373.5074665916786
2452.4987681784896
2454.69586437211
2362.000405746507
1760.9733204937124
2465.2421812928196
1636.7994446319292
2398.2918648147693
2691.2611971210176
2175.2096725226256
2288.3189188474576
3054.3678073913734
2863.569191474714
1927.4427233338658
1595.8240516631324
1697.952194629336
1399.0148682659699
1401.0340136639832
1457.828990005556
1341.0578683044712
2576.422145490334
1647.1971236039046
1853.3851845200365
4008.4234918800657
3159.590410043418
852.1563728587777
1329.6182204203974
2425.337526210101
1780.3925710824203
1126.0326632452957
1240.156739972023
1102.617533407631
1179.5894493074306
1884.9670213124718
1475.6785509115848
5780.377771419945
5284.337582257657
16174.200334917297
17335.78714070279
5467.799569825158
8369.862326915993
3591.449989551402
4139.387348584655
7358.720767265736
2680.595772053864
7307.073499711561
2756.4867091864194
5739.222302288025
1868.9947752757953
1102.5486179630145
1103.2785317804828
1210.7857393355328
1544.5414018473214
1987.1846718150864
1539.5527544947124
3438.141451544914
2694.302309565135
21037.127977555163
67432.46549499636
54418.59331769688
48460.56137034625
42606.29255204124
1482.965509481097
1585.1876142839235
1820.3093542375505
2677.1874326675434
3433.554418113772
2125.646812520186
2444.8525403973786
1961.7540832370235
1764.9318496518788
1651.4690310852416
2101.653736859263
2112.5625330725234
2229.3415050522954
2759.5693928582023
2456.461850348157
3039.811745750063
5120.698902216387
5033.289191623875
6528.1506992857585
6707.9384624526165
4556.941399917439
4012.423817292159
4632.994338383867
5256.175443659029
3994.411451212977
4489.043293604437
3491.734277822237
3536.76773822364
3117.0616296539147
3519.988064482954
3835.64526153662
3752.5191590449353
4170.938174270191
3982.217640236506
4135.336319176363
4591.346875441763
4040.987448233837
4380.992794289613
4475.162233083344
4997.158285782752
4386.534181703497
3836.6919293496576
2414.7639444198535
3521.060317267721
2480.5516397016995
3386.7712250281397
3743.7109054356097
2999.677484640452
7735.177682515014
2901.9141575567483
6470.979977109861
3203.0406955827375
3368.4936761417352
3891.3858867931544
4399.116823093618
4848.31506462231
4373.287423585461
5127.974955458959
5834.749497442184
4991.6641970035835
5183.412871563984
6427.7823674174215
4387.095891333235
4465.88303117245
4077.513985689488
4621.2359439535685
4099.890613947675
4714.924721878752
4208.013070348735
4412.90622868893
4264.9129559224275
3823.1523565843204
3265.1858830000633
3410.989966516242
3797.194012842889
4479.324508725771
6278.237198986179
8884.77685751254
6951.367253866916
7104.665484339352
5377.861285512599
7800.034685188361
7590.131391090122
6104.5080680443525
6048.516924014953
6289.968803653514
7425.40200291716
6966.1605837876705
5011.113888617575
4577.883618323816
4339.138053391626
4171.754093935449
4594.020739699009
2496.9437413996393
1559.5178804019556
2037.4753996482152
1972.3491416636039
2328.0885399661242
3275.827107562192
4918.295855660802
3820.5476208395776
4290.2666342829725
3953.3183074588815
4026.7826424840136
4808.396682844407
4682.302911748365
1632.361894164949
3228.501892630723
3936.3153293371115
1042.137484661733
4280.430515618763
3304.6287339848177
2867.0717024718965
1422.024681449243
2865.7531588675197
5260.361805604677
4300.241303046152
1682.0055230602452
2004.1672206256007
1560.8403485935917
1709.379970013197
1574.8458509678078
1149.5803863981898
1038.8478160519555
838.2124869980316
1050.6800966738513
2115.6618768537687
1816.088621605632
1550.4860451300303
878.6390997323539
989.1918325895006
870.3597458408161
3431.8497349459217
912.7219980455087
997.4551626636234
1040.5820916613006
963.6928383719026
882.397265209618
1741.8630467589517
1209.7508868197328
2068.49762156042
1817.0724987275642
1356.9786166357922
1811.9892348281355
1202.960204223055
1827.2889933705185
1856.5345164729233
4710.552762800999
25295.340764744014
1261.8443259416315
1083.175895479061
1836.1141405782782
2701.8021064709746
1949.2780157812397
5691.177099320875
3524.1443057368724
3425.784213804347
1387.8645195486456
2058.1535401664255
8647.634500601585
6038.686499111892
2761.0289176845768
14490.668822378291
41189.806708957105
2346.207447359153
19534.418141800474
1968.337908211244
1529.5916092704254
979.5546764191439
10882.093658221012
1676.028390803668
10591.724269283373
49533.39848995196
7382.009032716059
1588.3978748105108
8308.549559082303
8373.0667764163
1246.229829194522
3573.14563248913
3466.487306536986
4086.867222984413
3430.5862697271773
2236.142939391381
2670.860710370124
2011.5943661382219
1659.7759203659775
2052.6376666415144
1695.6783203623038
1941.281987337031
3891.2881119795725
5004.336702536143
1896.0454775795026
2750.5818963267516
3338.9540574846205
3143.059913416014
1659.1417744878818
1676.3297420816737
1936.128700735551
1606.805928886167
1693.1510415189944
1658.014488735739
2413.134902724873
3189.7304310008076
9336.890263431453
4718.709800805499
18746.444175775327
2950.0853838857597
3511.9424179489115
1669.8901102639888
1987.7758125462462
2004.3189922490426
2606.6049790496368
2199.491440040839
2188.905390128552
2081.986813524691
2178.619431509092
2286.5640893371706
2443.733900356067
2636.0903758784457
2999.4417797308324
3033.2926934366196
3049.8827470823067
2916.9308216215722
2840.9882562023113
3074.16723227028
3210.4821920356435
3477.837271727287
5073.010210762241
5214.580709091771
3268.0587713124014
3548.5855561543954
3352.5799592970698
3236.522842432503
3322.338344016425
3299.0993228911966
3307.8623115771907
3261.1090451125
3328.731489256232
5297.340515716558
3967.5963651128186
3354.235224029442
4937.502002337248
3603.898230029049
3028.5287502585156
11873.66922012179
9439.866388844053
10529.374482676507
4622.083673920268
6425.272958073613
4608.235879762486
3699.178671281686
3310.532680913165
3178.4969864526943
4233.236511746346
4475.084986131641
10635.192740416038
14906.608951938502
6422.665329409663
17655.76781443288
4061.110357536164
6884.606747051265
7168.289230142085
4184.251538680921
3686.9796395573226
5665.650840059914
3139.070310295504
3616.6292364249252
4819.74462105569
3698.793502075058
4779.478065812625
3758.869907153689
2889.0889495393094
5057.849424497949
3337.500170215303
4579.899322997016
6596.504195158001
5295.89802219495
6026.909080943262
4632.84449136055
3410.4942557512063
5259.010429011409
3681.190235829426
2697.0846808999263
5871.64326514704
46905.58056529632
3083.1560283243
2785.6991111255343
3462.4997847229483
2679.76947411134
3346.3680620160767
2955.754789556494
3599.7505669605907
5397.305287131442
5411.928411507094
3560.1976972710145
3382.676122007195
2768.278015504466
5276.624038985543
2853.3488195570526
3056.780536670658
3230.4041619976133
798.714216223632
3272.4265166059636
5335.951885691471
4331.225371251572
3803.829890742789
4792.144416711287
3212.947081063586
3002.009340998427
3315.6442770141934
3267.733396679838
3779.992984490418
3362.5964253038615
4276.902357000968
4629.9048867834645
7496.02790912933
3304.2509341701784
2729.5586968612174
2806.455172358527
3853.2826832731894
3938.0976394966874
3253.6566285558365
