8.955470162748643
8.734895474385482
8.394701086956522
8.826206896551724
7.97053129705313
9.201890756302522
8.150798861895382
8.915588996002821
9.011681172698122
10.983370786516854
11.121834786218347
9.092469210579447
9.683503054989817
9.030240073868883
9.638456172983027
12.258649486995944
11.278677309007982
10.057348502437891
9.126627750336777
8.778926955397544
9.351287043045641
10.897368421052631
9.330328396651643
9.915158371040723
10.723177908555908
9.760779163930838
8.317662007623888
8.569707401032701
8.523969018212266
9.111907514450866
8.420740063956144
9.79638418079096
13.874756525126607
16.02103418054338
14.107101505210343
14.587244027303754
11.353184776178269
10.822787193973635
9.570924195223261
8.933793400905758
7.772366007744039
9.33123780619987
8.291071097085576
9.759448818897638
7.7835406698564595
7.683962264150943
7.534738771769019
8.089043906442347
8.065773690523791
7.375893769152196
7.35230854811793
6.947059837903087
6.720798242402051
6.957753397740298
7.619298986486487
7.78494623655914
7.5483007209062825
7.443530701754386
7.9065784351887896
7.857380457380457
6.8681298748412845
7.1555940689389566
7.750743099787686
7.905149603093832
8.6779919832029
9.380757420675538
8.261162432640493
8.318640268957788
8.723843268028345
8.118595279217041
7.953652489032996
8.347000759301443
7.273494374586367
9.325944487278335
8.693699065792089
9.30010626992561
8.451711491442543
9.293351005080627
8.266433134143828
8.271109181680051
8.64151342210949
8.167542441390461
7.424197945061858
8.476692066337964
8.824941724941725
7.87480407523511
8.952423497878044
8.501788109074653
8.317094388864724
8.006925498426023
8.070827799911465
8.297664543524416
8.865035677879714
9.121206679834799
10.603908045977011
8.877250409165303
9.14365933551708
9.022292221952993
8.807425149700599
8.837942955920484
8.763799448022079
8.840649291266574
7.691894127377998
9.524061810154526
9.186420905272982
9.8518951801591
8.979714344856138
7.829783037475345
8.294507373370378
8.698919680601222
8.301814922697737
8.846308275708232
8.465886061697816
9.15478615071283
8.709779847586791
9.317158469945355
8.754231393461628
8.39380714879468
8.201894102453723
7.777171632396139
8.962243320821374
9.321272885789014
8.6576143722582
8.973641989456796
9.400173422935183
10.070435172723194
9.733151183970856
8.885333956095282
8.466120964074578
8.60882694541231
8.377936898635042
8.79800556586271
8.497722095671982
8.419890760127446
8.78843013762538
8.994309128158434
8.599831330381615
9.026461538461538
9.871716554673183
9.340430250609892
9.30985603543743
8.331357188227821
8.471970225633868
10.37192174913694
7.71729070256626
8.257817485641352
8.632329988851728
11.194125745754933
11.317507418397627
11.296703296703297
11.5897494828775
10.866730815491941
10.05988160291439
9.247820965842168
8.716119208179247
9.205916608432332
9.754890678941312
10.175194931773879
10.01928504233302
11.284659361600763
11.7513325608343
10.551484230055658
9.320575272558571
9.095890410958905
8.77639046538025
8.738910595265457
8.85519247985676
9.632267102498249
10.021703231894314
11.65754972875226
8.711471610660487
8.807106598984772
8.486160714285715
9.31205181586861
9.032125027132624
9.690058479532164
11.935983827493262
13.199362041467305
9.977150247898255
10.665719282903368
9.526245253517981
9.80749945498147
8.616760450160772
10.387328690181981
10.162544916508137
9.741593274619696
9.509414654113794
10.688067444876783
10.229462365591397
11.568255337502695
10.811101163831692
12.236986301369862
10.0797860485848
9.300760286225403
9.957814661134163
9.73874862788145
9.0355871886121
9.497504881753091
9.957038391224863
10.773801169590643
12.64436936936937
20.56323973079601
15.087292566492385
14.18198077353007
14.248887900355871
14.22894265232975
9.599097250718096
9.852880658436215
10.314323607427056
10.427693658108405
11.000894254415382
11.17102615694165
10.615605025347145
9.548322594978893
11.752512013979905
12.889112452492734
10.209277238403452
9.609000452284034
9.383549396513187
9.269716088328076
9.29921759357158
10.943566591422123
10.939500219202104
9.863089937666963
9.801910393450079
13.265148063781321
10.047682709447415
9.825112107623319
9.790929705215419
9.830911188004613
9.74
10.016342756183745
12.455598455598455
10.908967391304348
10.798278268962308
10.436359436359437
9.158088235294118
9.286533608625831
10.015366972477064
10.107838479809976
9.439481911567665
10.248630136986302
10.342478075106813
10.922548120989918
12.271705597179373
9.483318700614575
9.564508928571428
9.951015004413062
9.546112115732369
9.177083333333334
9.242264647794602
8.670246085011186
9.008809626128063
10.127874237447207
10.084578257871753
8.990529487731381
9.940511874567674
9.224405850091408
10.289461678832117
9.368383909668314
8.958633511503603
10.525885558583106
9.572226099092813
9.885533707865168
8.74808451358254
9.704643261608155
8.796521324755778
9.990714948932219
10.591617040769583
9.440509915014164
8.73625608907446
8.536655486344035
8.752440725244073
9.4791048184517
9.456219128872924
10.426173735540939
9.688762769580023
11.11397400185701
11.452127659574469
10.458496206024373
9.975078581050742
9.76808608058608
9.68939566704675
11.18495514147688
11.287151348879744
10.944177533745139
9.699436302142052
10.07047360072513
11.580897583429229
10.171421721409734
9.628373702422145
9.545755497753605
9.592422980849292
11.639537420903338
14.124254928931682
10.26029919447641
9.892652780956741
9.587715321849501
10.367216117216117
10.032528103324564
9.54457088667615
10.8130081300813
10.861220700858668
10.357897101774881
9.178449744463373
12.851388594445622
10.157742079428827
9.42790594498669
10.644090603274277
12.710760795065113
10.559436008676789
12.272176998538928
9.177628259041212
13.403237674760854
14.660338517840804
10.329789692627687
10.654953525277715
10.29695136141494
10.688448074679114
10.08740120874012
10.197679415556511
9.643752448100274
9.309745499689633
10.942477876106194
9.564230689152613
9.10547798066595
10.586138175376439
10.41002761844062
9.611134631668078
9.993026803225103
11.45598146588037
11.408838552076393
12.570997586484312
10.009104076143183
10.041266025641026
9.442318514350028
10.836413851710219
10.587903225806452
11.018497330282226
11.211045779084419
12.530549269697593
10.141875580315691
9.202933985330073
9.290626733222407
10.790996784565916
12.3134211043427
12.389964292426235
11.565897693079238
9.774942406521355
10.8740614334471
10.020333780932285
8.548832452701552
9.190646868066223
10.119421414711589
10.293808630393997
8.716305865921788
9.419974926870038
9.069531996179562
9.469473264166002
8.813598437777383
9.021061643835617
10.409256559766764
9.044871794871796
11.018709431080564
10.90546299883766
12.15367597004765
10.567070707070707
10.008083348302497
10.753396226415095
10.938800242375278
9.57791596005276
10.800421779141104
9.805560738943832
10.187618685909609
10.207186096465534
8.761922573405649
9.470755483346872
9.914804469273744
10.821510297482838
11.220419640925806
9.652248028979331
10.438143201226188
10.609697760382693
10.005535872453498
9.767993041965644
9.760519801980198
9.437337597441536
12.078798825920073
10.248506571087216
10.703835673862923
11.286987900658035
11.020912929821034
11.261422413793104
9.842813803564656
9.466478759814777
11.491817779743476
9.646960865945045
9.061783439490446
9.867750909479991
10.890098164746052
10.239021192921127
9.328789093825181
10.360786045484655
11.033685064935066
9.125601077130217
10.062679320238358
11.515831894070237
9.347472924187725
11.741036596693293
10.537743506493506
12.967925386715196
11.123805188893947
11.908566355969818
10.175942549371634
10.027806385169928
9.875127733496832
11.187934514465127
10.20141784820684
10.6857866850956
11.25050870449921
12.232506643046944
10.181098995082317
10.298874104401229
10.834422167154765
9.83294167912839
10.09975882481912
12.033624454148471
10.02708703374778
10.793285472972974
10.130567021507712
9.392706576728498
10.156958271552638
11.43075898801598
10.909548839246606
11.077933645067914
11.110731811393215
9.703381041277742
10.142030848329048
10.756449749711205
10.607810552555048
9.450117370892018
10.261946133796698
9.860314723000647
10.052850356294536
10.160632993713419
12.104484205875856
11.818283415288333
10.751985477649194
10.5088505489581
10.641309255079006
10.784423119839321
9.807444852941176
9.584870848708487
10.491978609625669
10.110789121711992
10.719800181653042
9.986319802646333
10.183123481334217
9.889922480620156
9.736427320490368
9.986572598998634
11.226069246435845
11.402673917969635
10.513879330121588
10.72739602169982
10.684318181818181
10.797840812870449
10.639848357203032
10.076431764956356
10.235648872012508
9.689724199288257
10.54875283446712
10.082598408259841
12.580463368816531
15.185711164518244
10.7090788601723
9.946619995624589
9.579242032730404
10.807163136055907
12.415077406327127
10.420714127300954
10.581069042316258
9.901732925586137
9.582784184514002
9.730937045501767
9.786854654779184
9.823345956783248
10.337793375740294
10.536579892280072
12.252918287937744
10.947754557581147
11.715947980835045
10.910650623885918
12.557491289198607
12.100290373017646
12.224512168384127
13.43473616748558
12.411083908301803
10.85560202509355
9.977323753929053
10.756313403842004
11.256376136615657
12.61296412838263
12.452521283562541
12.37711229946524
11.528028138052319
11.23306948109059
10.32102908277405
10.948287749942542
11.79351376574895
11.206225680933851
11.14373576309795
11.22763853759485
11.235214751517876
11.035722259432909
11.92347512941706
10.968182836656958
11.511182108626198
11.603235228038644
12.384457142857142
11.58178100863244
12.515883977900552
11.198550046772684
12.069901126695791
11.73217899707668
11.019824284748818
11.383868052417533
12.52321630804077
11.132275132275133
10.856036446469249
10.466246204157907
10.075694444444444
9.717241379310344
10.294959128065395
10.515017667844523
9.67477338049967
10.55846422338569
10.386312973695944
11.085870059064062
11.636157680108745
11.984043765671302
11.25207468879668
10.253453190089893
11.845987454034177
10.811729706757331
9.775716694772344
10.393311758360301
10.400091869545246
10.542047735891144
11.863511659807957
11.138514285714285
12.450179533213644
12.22202447163515
13.42876047640053
13.885780346820809
11.808282208588958
12.241280982671638
11.390936686903729
11.436444444444444
12.822702943800179
11.384276591059239
12.521786022433131
11.18108050395046
12.374972314507199
10.741543223524209
9.432969852469531
9.255323547653504
9.672624053826745
10.305561861521
11.16196205460435
10.594508009153317
11.98116632629907
9.907846120408607
14.47575360419397
19.95433789954338
16.730494872938028
16.358864609146202
17.106723826714802
10.20106053910738
9.749944481456806
9.63107869142352
11.176304347826086
11.81957466270295
10.763134657836645
11.27022182388528
10.382898806893504
9.929388029589779
9.885784532856505
10.526676998007527
10.491672370522473
10.037627268702966
11.39029970258522
10.706095626557897
11.199265381083563
13.521084337349398
13.014801110083257
12.58390600753713
13.85516006268189
12.16941596076683
11.885818680063942
11.62599409225176
11.92802282203204
11.660516605166052
11.60815682739973
10.614784305224365
11.674888888888889
10.831927319922128
10.753142609449501
10.930284191829484
11.252082888271737
10.25082316482665
10.096715328467154
10.066678552326618
12.082552431950022
11.40559761413168
11.49056179775281
10.884001724881415
11.310785729016292
11.727272727272727
11.324531516183987
11.7629392971246
10.23159749412686
9.203454894433781
10.174635332252837
11.076280501209057
9.430634662327096
11.420239390642003
9.58700209643606
12.241634072142547
11.193469022590024
10.551492992078002
11.62018800358102
10.461553864637565
11.016653127538586
11.247861464635927
10.671878172588832
10.044816310829006
9.867652495378929
10.697986577181208
11.104202319832668
10.760429082240762
9.797131147540984
9.274583255291253
10.425897336935547
9.754699423041131
11.615183246073299
10.195431939583717
11.211568938193343
10.283032893514216
9.84171986481412
9.6447626520204
9.153367691487471
9.307666328942926
9.215599817545993
11.915395284327323
11.457886407596272
12.854125149461938
13.713408595761537
11.158970476911431
11.642945217544478
11.581653042688465
12.019529693104822
10.981403212172443
12.110815939278938
12.105215004574566
11.967461218312524
10.992903720751823
10.840096798212956
10.712497732631961
10.449283778552072
11.900170648464163
10.065479609419874
9.815541922290388
9.58731670158065
9.727517294388932
9.628661293493218
10.958161461402476
10.995866992297577
10.664311667339524
11.059533721898418
10.98250786163522
9.806146115191341
11.543886133275825
11.6636898279242
10.168582375478927
11.785055142921449
10.413011542497376
8.72619788425638
9.832423691125936
11.331148282097649
10.536111111111111
8.523321956769056
10.82271147161066
11.456502441189524
11.03172475424486
8.714087851206965
10.46637891867333
9.804740160904544
9.613483633210492
10.266397792400765
9.75820035460993
9.538098304357158
9.996236179722418
9.619961612284069
10.30994403788205
10.145982239549491
9.315224257738471
8.060827250608272
8.516477049823461
8.572260345186109
9.969519343493552
9.566504639858595
9.910593028519692
9.436016855178531
8.938028169014084
8.993697478991596
9.86271186440678
9.166868442292172
10.212451023073575
10.13936714751047
10.107289293849659
10.605179463880054
9.973940629956946
9.894142259414226
11.039787798408488
12.759267431597529
14.56041246357319
9.638628620102214
9.360909090909091
11.050714615029968
10.955167002914145
10.831823461091753
13.038416214942258
12.580959164292498
11.171488081462625
9.852730528200537
10.598733318253789
13.391906513741615
13.570006942837306
10.874594594594594
15.874479889042997
17.903506812597723
10.75367492650147
14.818895919703252
10.687777777777777
9.34859584859585
8.954895489548955
12.122838944494996
9.578794178794178
12.798677610579116
15.814898932545992
12.299219620958752
9.51929046563193
12.415826047971306
12.07773534037295
9.644265232974911
11.410170250896057
11.48104755341144
12.320832380516809
11.7896168669236
11.151921764839663
11.514842510763653
10.641462867399596
10.280745624005457
10.848116077697169
10.431202840656901
10.63185678218958
11.199194270367055
12.481170544495082
10.448835084513476
11.079031521242577
11.538927529728516
10.778354002254792
9.847708016510971
10.529083294555607
10.484445446348062
9.62150253359771
10.157742723839148
10.40943966519414
10.790607985480944
10.992594254937163
12.5039565905494
12.184301124627037
15.065827903841834
10.615749330035044
11.724707501720578
9.712688270196258
9.835241301907969
10.162801377726751
10.59283609158921
10.125339366515837
10.33287702486881
10.372869802317656
10.462097840458352
9.914014146772768
9.851802698518027
9.91740550629958
11.182907164247869
11.15175644028103
10.813330279431975
11.154445462878094
10.716259057971014
10.841443538998837
11.729945305378305
11.745028409090908
13.7299744601811
13.135851712810886
11.98207635009311
11.840530043408727
11.596061369361118
11.533594109526002
10.941896024464832
11.327938862665768
11.319097678493211
10.981456657730115
10.852332195676906
11.8840877914952
11.419823089135859
12.010777881911903
12.176946176946178
11.350185528756958
10.569856244384546
15.189207344379758
13.168082663605052
14.188641425389754
13.99239883746926
14.533028571428572
14.72394366197183
13.663391812865497
12.153381361840577
10.778808804488563
12.23766712770862
12.960910554150379
15.360473049806686
17.533379058070416
14.01651210133454
15.987393994957598
12.116252821670429
13.5472706155633
13.971647687659772
12.61147652528918
12.170526793823797
12.131861063464838
11.037292519939642
11.704896907216495
11.660566448801744
11.814578587699316
12.631673396141768
12.715692858741885
10.972811671087532
11.430685527747551
11.297029702970297
12.420263923059718
13.624887285843101
12.85030208100246
12.704008908685969
12.395707317073171
11.820968458462906
13.071380622063101
11.75207756232687
10.649735692944152
12.25586592178771
17.525730180806676
11.716206975153863
10.443221922358314
12.025229357798166
11.3927842069435
11.796980621901758
10.760060579835569
10.940427368875458
12.464351425942962
12.196384180790961
11.011719630380888
10.468784227820372
11.012457044673539
12.039990699837247
10.37561301827909
10.735663696595841
10.740986507409865
17.399957383336886
10.706996074809513
12.491375397185656
11.676327382332483
10.609420779806175
11.859517304189435
11.173825050595907
10.911047027506655
12.036886173342385
10.924306326304107
11.164788097385031
12.23422159887798
12.171376062485642
12.97910927456382
13.095656088228674
11.275770339170915
10.620329181494663
10.631210478771454
10.984800362976406
11.298017771701982
12.238477413437286
