25429625
18905591
17727083
17812854
13335347
36354775
14521191
15998300
18922933
85149286
93156065
31732605
43547702
15206289
21298173
105044300
69223363
37634789
20678934
26383103
30185581
119329339
32706806
31091483
58843965
35637135
17714400
16423210
17250785
17772375
22927872
39636931
778394021
680155152
752328819
555625759
238708702
148073735
44109072
18847050
11652819
20607469
27817230
56659204
14818305
11632213
12823378
14242130
15521099
20297926
13433465
13655046
9965585
18138437
12528063
13434466
11516189
12935775
31243690
14074356
11807644
13640289
12088868
14597852
31063528
56612013
18028581
58822730
21779491
25727952
28549779
19330056
18244367
36374681
20227464
28622349
18537379
18875109
17215831
14463959
16215487
16742889
10003858
11684865
14137279
15018131
14945654
11481961
12681052
12556173
10627676
13074434
18987997
43366966
30819463
12701668
13561484
12139315
12514049
16511724
13829855
14291741
11499576
29534110
14599371
21878275
28643823
17160115
16486146
12419502
12339375
12366036
12786123
15887397
16983551
18438518
14365527
15260177
12517122
12021102
17964794
20159594
19286042
14297202
19565553
23934460
19949888
13564791
15206680
13511223
14105779
14311643
12326417
11831513
13845076
16442126
17981365
34826748
89630810
20196216
19105698
12414277
10722105
60046314
11673956
13244250
15894648
53308868
81422288
90089228
87828095
28153865
22173845
18909421
17401120
14480959
24716389
19985337
32431344
52720529
127481377
43621758
13935559
12187626
13833346
16230503
23349831
28032597
30397886
83470371
14890386
11574735
15258002
19035992
18760017
21554910
74735391
250489882
27193646
34224555
20672469
19795515
15297605
28471300
26051421
26364201
23243191
34533913
27714041
42803488
30696492
38712574
26595278
19671705
23837287
24669496
17738014
18925448
26185982
44311602
80401917
710173669
234051853
232307346
241152713
178103182
37500970
26567129
38124114
36059889
43550401
44771524
38262249
24818017
64459561
88695547
46067554
18761185
20550518
19402385
18724166
24695608
28422330
18205163
20653933
220642368
21316808
18812584
21583318
20001989
28290334
21484460
66258954
30534956
32162371
28819133
17721542
18221810
19231213
22194138
20954528
27298329
29478973
26168418
72244775
23829206
19654057
26274432
20436434
17313997
20936177
14694208
18461651
19782079
25217172
19733442
22332554
17507750
21555349
15297039
17685537
30683570
21304601
20437349
15162400
32784542
12592343
30726926
35769021
14245160
12290450
11290058
13407507
15579671
15945514
25552035
20043929
30927707
43537509
22008256
18595319
15613127
16976114
40629825
43007758
39524257
18903291
20889971
28002159
17138607
17733381
16064615
22692504
45869316
110701732
22189959
18895919
14828527
20366430
19791836
16958491
30426542
22121085
22855851
19057006
174119044
24637751
22538653
27259462
68845087
30839399
81393840
35859375
312855220
314227821
23178195
34197501
19238250
24883168
23781488
24253068
38000607
29579208
37457374
25152527
16616214
27101447
25038226
19465769
22668574
145403573
38476380
123671355
27183958
32250344
28358087
31407297
34473268
78785045
35186815
117203651
61814802
25853364
25615449
45198038
161440761
223872221
57268514
66226040
247158836
64844848
31770858
47365606
66646717
68522332
30407577
27205832
28564425
24072425
27898165
34139401
54172656
32890980
62520824
47019306
124430691
41770039
53606543
61311353
46921794
44557892
71584455
57227474
53389694
51516315
28581052
29701864
36862623
55877936
50862036
35592396
40729639
35778202
31705341
28750817
30639833
28913931
38978765
38679868
38344990
44669917
49837203
58175711
60235439
44657884
50405330
26277286
16404639
18437860
65019227
20505758
19805876
17036936
94041302
17480408
22799312
102067039
28545271
127102316
72582674
88998157
38750806
61978094
19316738
26248635
21399581
24667009
32846556
24397671
27719297
72522500
27768981
30804254
30923332
28725178
27231521
71975564
23057250
34850123
27924531
25552415
29099387
37176147
31928879
31292533
36564126
28616834
30558123
50602177
35142502
29971653
28560802
30193152
37161525
33033599
49859383
38191145
26758954
31047905
32524001
30638215
26703934
25692816
30002254
30307731
31324002
26758603
30694125
31626049
34794486
36763961
51075716
66417468
48657790
43285314
36861657
45768537
44997456
43189627
42219423
31927403
35746202
35571534
181582005
298436735
36090550
25529008
18902430
24830838
45517962
22147205
24491727
25415280
19914190
21107847
19809312
16834187
30373874
26601171
73079431
23884323
44245961
35973355
55468580
42745371
73683048
93129250
82572715
30696211
18600237
26956300
29841629
40581178
38192629
42942227
32252405
29887590
20264185
20621312
28986393
29494504
33254591
27280163
32329795
33420907
40258858
35592877
37231528
36258654
34195654
26230855
36048199
24367309
36159802
36896473
31448293
31810977
41991932
39396182
24067110
23004718
25012035
19773170
20580481
21911074
18348425
34329586
23487433
26826762
51874912
42617984
87100267
20085964
30903730
23964426
21155142
24277961
21072864
25190214
34942725
26999179
92669482
79589284
226695066
243252190
79129999
118832820
53027939
58085196
104289181
40135466
103054179
40068715
84531811
26050622
17942474
18684012
20247837
28092252
37123194
29396140
52678985
39885684
283408822
911376252
722095271
652692565
573679597
20867240
22495878
23126479
34874113
45101029
28768733
32895249
25999287
23434655
22537315
27408391
26454037
28378914
37044237
32179034
41308932
69808085
65390838
86443506
81889097
59545244
54543372
60861376
66419296
52499318
59952231
46671338
47438435
43316254
48468955
51575734
51859445
55845785
51167271
82906624
66006060
53634963
58911379
60108682
67589710
59968145
65669022
72553813
46252677
34666808
45305886
47497932
40045587
94831034
40145689
86621816
44445004
46282085
51844501
60192933
64505356
60246323
68462713
81021095
65779028
69722824
86228101
58624236
60137429
53350609
64696461
56585390
70931855
57626665
63703940
60657893
53755759
45858085
47515970
53608414
62934819
90551801
131083231
104869332
122600849
89321926
126692769
120965315
97459402
90667957
94569952
135684065
95857094
86222127
70194033
68367766
65411753
74518288
39708758
24711788
32370131
32252226
34393791
66061816
72959877
57051321
67170506
64369401
63356239
74280291
73034214
26301888
58549919
57547404
15376607
60174633
46281913
40521357
22327710
39703730
71087999
60546838
24890507
29384801
23720384
26354109
22532147
17901091
15549224
13177836
17949712
32817696
28633374
22299716
14452991
16115795
14522664
52842458
18499260
16903865
16386137
15445977
14795292
24509926
18027295
24039698
25456699
20297761
27235292
19387905
26010138
25893592
59018645
340741242
19616747
16517584
26472924
38201481
28068997
76171682
46466575
47300796
20155858
29805045
109777830
94267334
40844543
185880875
545337580
32246113
266168601
28980835
22889263
14432936
146309390
24502676
144169497
665660861
100120610
22729992
104796475
116983586
17776702
49577081
47835611
57187651
46314664
30612209
36416281
27891105
23012045
24706206
21774581
24566843
45611150
65010786
23578285
35199098
42647393
33277228
21145383
21333430
24664685
19727444
20354278
21129439
30275007
41748601
129905977
55391301
252262462
30040989
30965182
19424729
23261134
23846779
30651291
26521658
26459119
25639735
28033485
26684677
28830242
30240666
36683251
37054944
37608671
35292578
36175267
37656016
41869379
41129615
68438009
86961637
42951825
45556916
44662750
44103695
45007402
44521502
46861795
45494945
45238824
78385117
56630728
45119350
64296742
48465930
39916521
146248207
123724275
130258657
93350762
123845860
92987496
75001675
45300226
42837777
55027743
62030129
135824672
194340245
86172333
242608803
56068637
93652551
95676810
56819838
47975669
75611763
45377264
46319466
62067976
46238450
61539728
49232593
38991731
67918108
46249172
62495389
85384334
71120332
80970993
89799204
48136142
66575800
48624426
34947403
75964529
626484582
38301913
38254677
42680976
35899578
42697665
36202803
43453433
65774303
66868861
42161993
40823192
37042844
63012078
32980619
34316916
36718198
1121502736
36887184
61815535
50644056
45055262
57344457
36442802
33091959
38970563
33267692
43734741
38345214
51594718
59123195
114213086
39541243
31495849
33345201
46290757
47686191
39879724
