39619
38023
37071
38394
37055
43801
37241
37918
39345
48876
53585
45035
47546
39119
41455
51376
49457
43317
40650
40743
43231
53833
43470
43825
47375
44597
39276
39832
40719
39409
36866
43349
71233
73120
73103
68385
57572
57469
46084
41426
38139
43045
44664
49578
40669
40725
41102
39426
40345
43326
39651
40286
36709
42491
36085
37648
36647
40731
40624
37794
37864
37159
36506
38838
45464
45825
42925
44538
41857
42306
41701
43972
43961
48383
43738
43757
41481
42071
40117
38105
40883
40413
35406
37823
37859
40193
40080
38037
38242
38153
36464
39082
43483
50796
46127
37968
39080
37235
36771
40902
38105
38669
37198
43144
39373
42107
43381
39697
38810
37040
37051
39658
37597
40455
41145
42626
37757
40391
38106
37066
40590
42766
41444
39152
43363
44894
42748
38047
37234
37061
37441
37937
37305
36997
37676
39512
40789
44004
48480
42116
42034
39349
36421
45066
36688
38820
38716
48784
49582
49344
50427
45173
44183
39257
40068
39521
42385
41759
42602
47373
50707
45498
40181
37848
38660
38023
39565
41255
42482
51573
37590
36435
38018
40256
41611
43082
53139
57932
46284
48785
42649
44987
42877
46234
48079
48669
46463
49443
47567
53642
48304
53598
45228
41593
43197
44360
40624
43774
43572
46058
56141
88607
66369
63436
64063
63518
46786
47885
46662
47519
49207
49968
48163
42977
53803
57653
47320
42491
41982
41139
43976
48480
49906
44305
43099
58234
45094
43820
43178
42617
43830
45354
54842
48174
46411
45179
39856
40480
43667
42554
42270
44889
45993
47666
55689
43206
42849
45098
42232
39645
42117
38756
41927
43165
43878
41770
43112
40366
45109
39825
38549
46356
41151
42231
37678
42846
36919
43040
46243
39990
37662
35632
37653
41509
42118
45969
42679
47879
49519
45484
44429
42667
42488
48621
49370
47837
43017
44441
50319
42425
41739
40369
46082
53344
61610
44581
43221
42301
45284
41946
40259
47880
46801
46103
43102
60620
45527
42501
47462
55635
48679
58796
54561
72860
64095
44697
46999
44246
45800
43396
47460
49241
44994
49460
45937
42386
47807
49000
45403
45858
54393
51374
62503
48374
50126
50337
51007
52516
57781
53387
60911
54614
48932
50253
57052
62663
65927
57656
55160
63722
52236
50156
53848
57367
54866
49927
45084
47479
47461
49647
52683
57126
50796
57716
56294
71415
52307
55715
56993
54158
50830
56335
52548
53648
52271
46850
46634
49693
56748
51872
45298
47671
48794
45185
44923
47319
47215
53497
51468
51068
53173
54807
52253
51911
47020
51966
46344
42681
46112
51031
46864
46532
46924
54374
47444
45594
60009
51785
63202
51930
57007
48878
53660
45344
48685
48319
49887
48926
46387
49761
55242
47617
50310
48094
46028
46065
55114
45162
51117
46631
44559
47951
51507
49813
49751
52076
46780
47343
55869
51066
48309
47246
45742
50787
46871
54797
52875
47384
46901
47141
48325
42682
41560
47088
45357
47210
44529
46099
44653
44476
43881
49608
50320
45830
47458
47011
51009
50518
47329
45825
43565
46520
46874
60273
69505
48480
45466
44486
49486
55334
46987
47509
48568
46534
46835
47202
44097
47130
46951
53533
49243
51351
48967
57664
54173
55756
62888
55763
49317
44439
49834
50755
60126
57045
57863
52441
51088
46135
47636
50547
48960
48921
48829
49963
49429
52976
48951
50442
51646
54182
50983
54369
47885
52492
52173
48917
50385
55290
50496
47658
44806
43527
42270
45339
47612
43759
48400
46593
48800
51362
52574
54235
46766
54764
50880
46376
48173
45282
47260
51891
48731
55478
54938
60886
60056
53893
55808
52535
51464
57497
51696
58051
52361
55873
48584
44118
44768
46003
45396
48242
46298
52801
45586
66270
91770
75053
72617
75817
46170
43904
43571
51411
51687
48757
50299
46993
44295
44229
47549
45985
45350
49787
47246
48784
58357
56276
56766
61891
54592
52048
51166
54356
53720
51517
48966
52537
50076
49615
49230
52671
52925
49797
56464
54154
49717
51133
50480
54846
53019
53180
55227
52263
47950
50222
50386
46361
52476
50303
56336
50046
51945
51919
52245
54246
53911
52559
52223
53384
52602
58397
54168
52591
49517
54027
52412
57681
55351
56596
55333
52417
49169
51506
55120
60611
60137
65161
64502
69239
58964
66097
63757
60314
64955
63824
66155
63260
57317
58233
59058
53981
55788
52572
47998
50343
50622
48981
55788
58531
52831
53130
55879
50737
53529
53548
45118
52361
49618
42069
48641
50129
49309
44952
46700
51623
49378
44041
46073
45092
44347
48365
44029
44438
42494
45108
47900
46844
44238
43069
43417
41224
51024
43298
43785
42547
41249
42810
46552
45431
46916
43579
44371
46684
44015
47294
49944
57825
64954
45263
41188
47938
48871
46631
55322
52991
48272
44022
46857
61884
58636
50295
68673
80154
51209
67915
48095
45939
40700
53292
46074
56135
69633
55162
42932
55387
53758
43052
50935
49977
53879
52004
49035
50815
47429
45225
46354
47003
46323
50038
52034
45745
48504
51429
47802
45329
45254
46509
43672
45720
44771
47565
48983
55305
53087
67058
51497
51108
42561
43816
44259
46725
44754
45289
45651
47477
44851
44540
42506
48545
47618
47211
48678
47323
46564
51471
49611
59135
55985
51475
51826
50640
50125
50092
50398
51683
49153
47696
51981
50350
51262
52714
48942
47057
67835
57347
63707
62588
63582
62724
58411
52296
49949
53087
56367
67540
76691
61967
69753
53675
58321
60120
55604
53599
56583
51202
54498
53522
51866
56312
56801
49641
52524
50204
55531
60440
57428
57041
63528
53218
58416
50910
46337
54845
75606
51399
50305
52430
50208
52355
49733
50687
54195
53969
48859
47790
51274
51784
46545
46990
48560
81658
46372
55037
50360
47074
52087
49690
49187
53191
49214
49527
52338
52982
56537
58184
50865
47749
47075
48421
49587
53372
