4424
4353
4416
4350
4649
4760
4569
4253
4366
4450
4818
4953
4910
4332
4301
4191
4385
4307
4454
4641
4623
4940
4659
4420
4418
4569
4722
4648
4777
4325
4378
4425
5134
4564
5182
4688
5071
5310
4815
4637
4907
4613
5387
5080
5225
5300
5455
4874
5002
5874
5393
5799
5462
6107
4736
4836
4855
5472
5138
4810
5513
5193
4710
4913
5239
4885
5196
5354
4798
5211
5243
5268
6044
5188
5031
4705
4908
4527
4853
4607
4731
4948
4769
4462
4290
5104
4477
4474
4598
4765
4518
4710
4905
5569
4350
4277
4274
4127
4175
4628
4348
4374
4836
4530
4286
4274
4831
5070
4679
4258
4463
4483
4441
4419
4724
4575
4313
4812
4646
4766
4529
4588
4787
4363
4613
4458
4392
4282
4398
4305
4469
4312
4390
4394
4287
4393
4743
4875
4911
4509
4515
4723
4299
4345
4754
4701
4485
4358
4381
4368
4351
4157
4392
4245
4597
4293
4345
4104
4252
4198
4315
4312
4311
4161
4405
4351
4468
4283
4239
4424
4315
4137
4480
4323
4607
4446
4452
4389
4639
4574
4477
4587
4976
4451
4731
4996
4886
4626
4650
4637
4468
4380
4487
4472
4338
4555
4496
4609
4376
4275
4440
4309
4399
4473
4496
4464
4874
4860
4524
4557
4473
4473
4537
4501
4578
4473
4635
4422
4474
4438
4729
4430
4562
4492
4397
4390
4488
4460
4410
4335
4500
4528
4403
4416
4298
4329
4352
4359
4360
4210
4478
4380
4447
4364
4538
4556
4480
4532
4424
4320
4557
4470
4654
4262
4351
4646
4337
4376
4384
4251
4303
4404
4299
4272
4307
4415
4197
4308
4366
4236
4311
4174
4302
4379
4454
4409
4405
4308
4324
4349
4454
4368
4385
4347
4374
4371
4435
4413
4345
4171
4335
4229
4804
4583
4362
4345
4369
4412
4368
4181
4218
4428
4309
4451
4696
4717
4482
4508
4459
4377
4610
4791
5945
5436
4372
4327
4411
4297
4285
4302
4654
5106
4833
4520
4803
4655
4516
4707
4724
4589
4748
4503
4972
4833
4992
5331
4707
4960
5244
4762
4861
5385
5317
5409
5287
5089
5321
4985
5643
5860
5213
5867
5859
5669
5330
5728
4786
5235
5012
5633
5840
5488
5616
5238
5162
5876
4950
5567
5300
4951
5307
5216
5359
5266
5121
5347
4924
5012
5244
4623
4693
4567
4599
4516
4599
4848
5003
4429
5022
4771
4711
4973
4640
5274
4967
4522
4804
4710
4673
4686
4577
4988
4529
4928
5199
4531
5211
5540
5383
4928
4396
4394
4506
4456
4855
4893
4459
4796
4341
4423
4516
4677
4885
4439
4681
4561
4580
4504
4736
4603
4744
4721
4506
4566
4491
4687
4821
4668
5194
4814
5112
4604
4639
5052
4613
4527
4474
4407
4463
4430
4481
4352
4336
4488
4486
4404
4459
4527
4515
4568
4394
4419
4413
4359
4424
4400
4724
4748
4697
4477
4496
4410
4649
4791
4577
4527
4571
4644
4579
4457
4509
4490
4905
4856
4813
4823
4489
4559
4456
4369
4498
4383
4488
4592
4477
4561
4681
4493
4543
4454
4633
4509
4767
4581
4675
4549
4548
4470
4351
4286
4369
4390
4349
4447
4479
4443
4463
4382
4451
4375
4402
4344
4276
4349
4447
4439
4426
4415
4536
4390
4281
4320
4350
4404
4528
4523
4584
4486
4402
4414
4387
4820
4561
4623
4706
4744
4635
4354
4483
4374
4375
4456
4495
4534
4325
4564
4559
4612
4500
4484
4541
4636
4683
4515
4523
4677
4837
4756
4405
4322
4370
4407
4601
4578
4599
4486
4439
4432
4526
4503
4524
4600
4373
4530
4463
4526
4461
4474
4517
4383
4518
4371
4413
4356
4316
4324
4511
4467
4486
4379
4401
4557
4607
4438
4613
4500
4623
4614
4504
4681
5163
4932
5609
4482
4359
4450
4638
4849
4521
4696
4695
5108
5210
4936
4549
4916
4595
5247
4602
4471
4923
4468
4994
4924
4793
4925
5199
5410
4917
5259
5034
5368
5339
5182
5373
4966
5429
5048
5381
5326
5098
5627
5922
6577
5047
5687
5018
5049
5284
5677
5505
5018
5915
5270
5465
5286
5214
5372
5513
5166
4688
5223
4890
5251
5204
5087
5091
5323
4954
4804
5088
5174
4637
4591
4437
4443
4765
4821
4947
4424
4680
5274
4315
4506
4476
5054
4402
4599
4613
4711
4512
4659
4251
4689
4646
4617
4749
5343
5098
4809
5118
4526
4418
4509
4615
4760
4720
4956
4594
4298
4390
4402
4413
4780
4524
4532
4461
4696
4400
4338
4461
4305
4243
4212
4321
4468
4421
4621
4321
4625
4326
4477
4762
4583
4500
4914
4545
4396
4810
4386
4403
4485
4510
4461
4451
4464
4464
4353
4373
4411
4397
4413
4457
4399
4273
4506
4357
4468
4169
4378
4378
4457
4435
4603
4298
4436
4539
4501
4301
4408
4456
4423
4357
4451
4851
4359
4382
4455
4355
4411
4420
4383
4401
4538
4524
4521
4286
4341
4270
4366
4364
4416
4295
4388
4224
4307
4262
4296
4377
4367
4346
4578
4449
4566
4476
4395
4374
4409
4268
4329
4312
4452
4466
4355
4490
4473
4375
4260
4275
4303
4634
4338
4349
4397
4374
4421
4363
4430
4305
4303
4409
4404
4664
4639
4656
4590
4390
4458
4467
4524
4595
4444
4471
4436
4469
4490
5125
4502
4469
4332
4351
4475
4314
4387
4817
4360
4407
4438
4622
4633
4348
4425
4437
4565
4656
4301
4486
4377
4521
4693
4331
4406
4313
4437
4392
4447
4508
4419
4505
4436
4278
4353
4356
4443
4511
4496
4428
4408
4389
4361
