5667.906470981932
4266.819221083358
3943.8140932984265
4017.007037336125
2804.9040573860093
7552.882979618652
3111.763427354799
3682.162872431128
4252.947412794859
19014.03657740004
19211.31205541467
6324.071400988774
8775.415511962778
3428.6784484192076
4859.012043560313
24913.982253391412
15659.19121010976
8636.901517279457
4559.4828428259925
5607.718849183683
6441.989078486367
24036.984001169392
6933.079335608158
6935.961806422296
13204.154469573996
7704.494097531704
3682.2777439614497
3459.952972204052
3538.5592433635775
4026.192794626924
5166.156463407717
8861.529388054545
151422.9997016619
148769.43338750393
144982.15892682568
118308.06534072923
46944.404741883205
27768.693077727632
9069.160026871383
3984.679464001307
2314.324176244887
4380.187701849222
5095.028327551353
11058.139772926332
2775.4557290898697
2135.713893734733
2293.9844485793933
2856.629330107468
3037.921903329444
3401.150498222373
2436.8512170886843
2306.462622412758
1779.3612627828659
2921.6956116550873
2587.229855589669
2717.4066054764344
2315.0497267723454
2308.587819990588
6018.391038857052
2864.323110809679
2094.6107619119225
2575.465873289176
2506.564622589669
2908.7791165710805
5853.978196693956
11500.949803726322
3401.4570058849326
10917.48868130487
4463.1798858536895
4871.327328366817
5382.052973022952
3599.6624302603886
2965.687775281284
6924.337669212052
3944.9848917240242
5996.8978214558065
3705.5406592545437
4083.085582033727
3479.1276534012304
3071.150072635764
3352.8209695127953
3317.0602480428174
2042.5659147734632
2546.896251899175
3217.5234338543687
2880.4112460431093
3258.1730771067296
2494.0944313132654
2688.7754842063327
2570.972669771184
2287.158330036556
2707.0370858413944
3792.562416639956
7704.012423324942
6972.491157140525
2890.9554726364513
3089.412679730369
2860.0363336847254
2919.8062682207105
3489.6790097705643
3103.935239657799
3189.2734185084187
2318.7454347084235
6428.963328314076
3321.9024847640603
5021.862716343501
5848.535295385356
3323.3325646472776
3454.6347870999093
2841.0742167754265
2695.896136073971
2680.171560651642
2807.4377576533957
3511.4370052668755
3519.302944150921
3943.4677165157964
3254.11395438865
3100.8193548322893
2626.9006937866857
2461.7778758444283
3886.2920166940257
4307.096870916346
3953.8825631830214
3196.3937586133507
4153.0312767971245
5267.464756249207
4447.589993895263
3088.9142220864537
3385.9600845895366
3064.3835690071733
3086.1715517074313
3241.621767821511
2735.6285825102605
2621.75746507702
3152.312364389011
3661.9036780621186
3717.1803668276543
7062.4712997866545
18153.57955231505
4391.846183093014
4144.931896214738
2559.0612801186094
2422.31853277849
13712.058221969179
2396.0504919449318
2749.134551203281
3469.4400695991176
12107.107335848012
18457.23427235196
20497.20775469984
20051.403976750502
6654.554286474142
4947.488445158289
4368.9939440145945
3709.350127380219
3288.4071674160573
5593.309081374403
4766.1868993293865
7526.929073054306
12431.143599825826
29405.678373079696
10005.029353083895
3145.6852157207245
2846.2784762623905
3063.3486366873567
3653.9240180272927
5147.599666412835
6452.303950662612
7070.569474711009
18731.726082239664
3374.9529043229445
2720.292016211227
3333.789094188765
4316.7073888737195
3990.4886575853484
4754.260661400349
16644.457492225036
56897.975975900095
5762.419395974664
7368.654981369844
4526.733117306779
4219.381953786064
3000.0289714987903
6288.710906614385
5403.258508340349
5182.1632099514445
4666.671114802401
7350.943121773384
5855.366916914609
9097.033350697762
6753.418211589327
8688.74338087291
5825.582669176039
4312.356546827898
5395.83662519145
5321.072472198825
3863.645975545139
4015.991369344528
5884.856929438541
10249.212225900845
17948.659788114874
164388.86563404487
52978.06876099933
51734.33889283524
53434.1384551717
39695.2034096378
7601.942272471925
5369.408191289388
8320.695630379394
7804.339571000986
9615.264922070293
9884.491429688209
8320.68979836119
5422.719115715057
13942.167015314033
19662.96691253947
9834.833009940648
4150.359331022713
4505.269966302609
4285.948208616137
3872.9591049071346
5454.86769563181
6110.561881205867
3955.516206658835
4601.200924254938
50084.2563479843
4648.778475021812
4121.535333507604
4798.314112739999
4517.422158685735
6191.873288889376
4644.47411453994
14893.450844762698
6795.613089876134
7366.4988616232185
6548.308781940612
3988.1749161984917
4094.033291929413
4310.521094131341
5169.598347109602
4590.335216524682
6127.460785794073
6521.990421833148
5877.127365093536
15769.364474883469
5140.35771119888
4295.586463598221
5698.513046190386
4528.318850163934
3923.650817418372
4508.869988990273
3212.1216874112274
3885.6765446502422
4538.927571220455
5694.019966720569
4166.57502869101
5050.495423579262
3915.767283696437
4810.949286754408
3510.6899813682894
4029.79099157942
6856.410547013013
4864.083350498952
4686.299865632359
3443.879654445358
7331.537226458238
2922.941203052739
7032.712541457663
8080.447286574326
3273.756848087611
2774.628884985061
2631.9788911622727
3039.970095158318
3467.961369740403
3490.6234761408577
5686.7213017806025
4456.395526392672
7055.613054494306
9937.652888627566
4951.15239332369
4075.468395537688
3479.0183313187204
3777.521312861835
9221.532389250378
9705.1923497728
8922.608185612875
4168.218793369056
4632.320209089262
6310.56842681265
4005.5345081438904
3998.039748566787
3707.557908798957
4631.654030849302
9873.099828895112
25179.169338336298
5001.736387022704
4227.134047642685
3269.0292507184677
4555.165060747903
4633.104897435488
3929.4063823310644
6754.474970807071
5015.727317238775
5027.706328895318
3973.8919205958264
36747.93148683509
5393.864229440776
4910.8157873621885
6000.061038749604
15567.266123639936
6578.172714648674
16838.297867083977
5947.62563911785
57372.82194682912
71657.86061362253
5249.938615694702
7639.249340119407
4371.108003272311
5692.797451150395
5426.251775255508
5107.238103768576
7349.341752000435
6033.5868634355265
8167.29182394766
5145.362260010838
3486.6314093040664
5889.139834422341
5210.991002060252
4028.237649093268
4839.902762444221
30492.933403565363
8414.448662717872
24715.532972211935
5524.472915253394
6359.57842531997
5230.311201077659
6555.038036681944
6838.151950441833
14902.438063647316
7263.3958208710155
23954.001792518822
11376.214226010541
4777.702846386269
4649.3930735405
8432.455088226043
31571.854017160425
41919.82481189642
11354.397312460034
11640.413641123787
42059.030555854115
12338.658324309012
5342.0969421343125
7999.779492652505
11653.94181543554
12750.009736523183
5232.6113821644
5595.72541796844
5374.176254126627
4713.286977137108
4874.950519858459
5764.408289285272
9762.758165042876
5774.8462771194745
11814.598733578629
8989.808962797444
21028.375805069714
8326.72873384265
9529.179564619784
11452.544280917538
9357.578359215253
8304.323823581126
13607.364501357035
10582.610821848977
10034.779459312513
9955.62881772043
5268.478759573614
5942.364904302499
7256.569557363263
10538.489117781759
10876.05675803188
7490.97985697527
8809.293250594095
7666.995522390859
6920.558206731724
6156.122950331048
6224.829819201779
5690.255267906299
8654.907541029002
7597.052541578552
7922.5249465125535
9354.649542000969
9900.096486036717
12411.049115217485
11324.324742633586
8901.302631107374
11014.627642027799
5376.812499090661
3400.822297455995
3848.242728453603
13756.61425534769
4375.336795022662
3883.6785857832065
3654.3975437402846
18961.31420622414
3278.9869171945156
4930.592407652296
19454.22864016103
5065.200742712269
23473.947428017975
14617.582991011295
20077.091555387575
8695.288268088043
13612.756397989782
4231.445256069639
5305.959062026008
4275.991151246155
5406.789977769972
6744.670857038979
5506.102145366776
6140.506542245937
15909.378181583097
5833.694164881528
6199.819374371497
6848.8986934647455
6039.860576883252
5868.510328817783
15570.380528785083
5018.740385298548
7242.061365387877
5963.9653550335515
5298.036548828255
6060.654669332448
8119.7032616077395
6873.727911448854
6845.1112721501695
7677.730644375682
5841.715377492538
6443.4380534587835
9626.72793780045
7187.537088973998
5773.694694822192
6098.168134874269
6411.321725359347
7254.744831543205
7057.741159971479
10867.261669752592
8396.569795353733
5956.315389182729
6846.298319606708
7228.523485418427
6721.057298087741
6039.8282717803995
5833.595195464388
6574.912591629116
6653.842161794202
6997.711224665613
5901.305711036035
6676.539251300202
6906.851448831911
7522.208550459317
8267.123397310183
11432.182203400813
14920.390992171158
11052.06214964432
9669.12595831723
8263.494663172165
9571.919969937504
9363.93263283233
9093.617109004672
9325.524768917852
7007.399947787966
7994.438552866878
7549.778937882638
37742.38003159572
64972.963108037155
7857.604121241897
5486.058843859173
3978.5288197530285
5305.969583981652
10058.556452051853
4803.186273076665
5342.768594848081
5083.460272225981
4009.115469678305
4290.8993483222175
4011.4768580940317
3653.5992232890317
6555.5283610874485
5858.722629596359
16576.67556083779
5190.133997848962
9957.639825516124
7896.411134337002
11921.704011824828
9401.354024929973
16005.58169251185
19714.669154433133
18224.04534342937
6638.971004827748
4076.527774966433
5702.626781315877
6491.530634106985
8353.85167166156
8182.116333415781
9032.31019273235
6957.1034681057845
6445.407859795468
4426.851079030487
4619.576962708438
6623.953863668799
6625.2797415113255
7450.894829780404
6146.683982029425
7143.793560910526
7339.902273819454
8919.018676918342
7854.800242428045
8363.961878612045
8011.546464482132
7662.774706992071
5824.711735310018
8141.741000001094
5573.214787420592
8168.82702921512
8159.291662961526
6963.107964735685
7057.704656163406
9354.36542929346
8561.297759020463
5364.403875862926
5264.136270166014
5688.303298129154
4451.131541815685
4567.147558604877
4728.452512985238
3963.0923262536953
7377.521014743603
5127.842960235171
5971.3247480959
11616.958692622698
9570.9903996064
17943.98562847561
4298.717607566647
6544.450863738371
4975.419717916939
4363.78232768978
5129.942608989975
4731.724170868643
5507.918095918072
7847.991658999509
6047.174413791885
20641.555417382144
17556.803207914996
49818.58016974469
56050.46602901132
17198.425777154887
25915.696115574934
11368.065078307287
12777.029071801884
23093.647200902902
8708.86246142939
22072.32027601604
8431.189930329929
18569.29881990696
5644.208459877824
3747.3402257961484
3777.066296344299
4163.7651967311485
6271.151126841475
8464.765994114341
6614.561892034395
11809.93134486022
8570.750907792793
61697.141504737505
197770.1766494887
160686.49067504623
146768.33370776498
129147.70228329589
4506.464214519396
4900.692080277064
5019.19612518438
7456.419134169093
10173.819035996354
6234.868618872055
7243.640625696553
5636.624709758875
5154.636349972726
4939.668447898561
5957.019711184918
5925.525312810324
6180.546171617068
8345.263818053076
7177.252165427502
9357.802350239359
15991.435375654268
14953.380446976655
19004.47084717171
18140.04640442038
13125.477316958979
12314.395731751285
13693.824218650112
14432.94632246721
11259.586509219913
13374.090487770438
10004.676885261975
10405.571413877427
9252.397665481472
10389.128268192479
11331.624358178806
10952.10137624187
10711.458490024776
10272.60439310508
14679.661091497741
14580.932944132843
12174.331475892706
13106.479124404423
12841.582059707416
13810.962805920732
13126.82519957477
13855.788631594845
15315.054558350112
8950.2629248542
6569.1943066811045
9075.140896339115
10318.716757676091
8057.032820671492
20507.45277861597
7559.259392708836
18672.78820141702
9815.436289264313
9289.86140494215
11468.485331029156
11943.606151049355
12978.827504963832
12443.133640847293
13787.169493424452
15483.078391575993
12061.414646797764
14065.50508645161
16272.988951730253
11529.869900173522
11106.96499177069
9906.604132037963
12376.144547392401
10436.278930548398
14148.586309944534
10510.653462278084
12493.940183114937
11166.865255695817
9996.223351454908
8902.287498069461
8360.497004387034
8965.78443633149
9483.997609769855
17799.73149867291
22918.34423488612
20733.402793862868
24094.146623535747
16779.702586074553
22181.293861183654
21839.582842314845
19277.49224513178
15207.888411556107
17798.29056612693
24681.289021295703
17990.925539790125
16415.812569515478
12949.140290978508
12286.433395410793
12552.785561818477
15753.925187684872
7501.358530722924
4957.1905150943385
6072.648393695577
6102.959188993254
6668.403684131576
12856.115122448899
13585.624254942459
11402.485819602362
13859.890294204046
12530.603271069505
12148.957202269106
15885.779236399796
15772.085980632039
5824.453887847901
13039.127105031337
11968.673912546588
3113.359174695942
12067.186998027362
10333.158650038586
8547.39997803845
4160.89678259332
9084.196842244115
15645.046598863506
13405.297921155561
4848.977019577673
6565.78453522997
5061.593532652036
5620.589603581741
4677.480932024559
3872.2179070449615
3246.4842214106366
3000.0131592042376
3735.503256896921
6957.350340203633
6098.786139911727
4608.892210842121
2640.056004331578
3088.6691086557016
2946.409053760004
10225.434397227516
3995.812965555454
3727.915274840645
3545.0571725134073
3267.018911387948
3027.368027504943
5095.507846883126
3553.4372477394613
5128.552600740026
5820.110637291045
4521.478466228905
6074.556974536426
4293.882167045338
5343.55741338596
5601.728744075094
12859.850035473102
76170.24993697558
4084.4279712033267
3666.3697446281635
5980.446021850361
8443.41874767884
6402.763818858009
17782.316930984744
10873.669846373909
10821.922223403986
4414.082608927097
6629.364431782184
23576.949850099587
21631.947019880805
8712.995732943478
42716.30301492249
121488.17116706038
6655.9067746083265
57857.773441763915
6325.956961727844
4570.573434129315
3095.3733231192386
33135.42758576027
5002.358136591722
32706.57620436625
150933.3686447076
22172.165094150147
4949.292643399599
23337.547554957724
26136.668412396473
3889.2242592272696
10975.78494136961
10857.29903203043
12925.638434065042
10360.81540794545
6837.701732150393
8119.454855612886
6144.579550742559
5125.505405582052
5664.252849832366
4723.542648219944
5525.440325516837
10082.98225539377
15438.076462435056
5276.451128153292
7917.250035426028
9435.485190953561
7387.147941822174
4496.84906437471
4852.709833547151
5450.194753546982
4253.635986198812
4418.988225431426
4804.324105265478
6751.75855970347
9248.238499913725
29214.20883580116
12564.71723805132
56448.478479541984
6080.047362760649
6966.266494380002
4338.509190901161
5124.622461754067
5372.441693185685
6836.622247477627
5897.852615835804
5929.991634135748
5718.2920065105045
6068.042305162307
5800.182040562764
6279.903275338837
6957.330089021913
8325.357468721179
8553.611162020426
8497.059749011449
7962.786870706237
8077.0247899906635
8649.870785344327
9404.19940409957
9599.179070927008
15701.436489505992
20231.399892504884
9854.526913379672
10268.053161977263
10092.861335528622
10015.088263978407
9711.51169601164
9878.758493414402
10135.083240183443
10043.604437198837
10175.47466748344
17779.462787500222
12713.935111695519
10427.285263405865
14704.284236366077
11110.952973063479
8854.253206357795
32516.311491221204
28236.308832031056
28809.519202831216
20674.04554919421
28096.416223401753
21611.256187264233
17357.563186154293
10379.886769300729
9128.050556543356
12535.28860423817
14095.093436374587
30654.361075782228
44123.3636549253
19295.130467003506
55350.363123234325
12509.773618464658
21570.838706254395
22039.7012644676
12728.189943137824
10745.53608864331
16064.602466859349
9659.869055485164
9811.334305917031
13386.466048482253
10393.092270380317
13644.77640370575
10859.710976033077
8498.459251953684
14650.211680815033
10279.48153033028
13823.681351841837
19062.408884681834
15749.018763055825
17872.23688816126
17368.142342551073
10552.433074319282
14726.386715053999
11086.363742221642
7918.622430977961
16825.107493521376
144914.1241641115
8593.506195051974
7832.536998379486
9644.608537790898
8016.2398662440255
9481.756214408413
7716.934856594413
9259.42058233333
14972.124534148554
14962.855218562258
9381.106916966266
8833.053406738447
7834.663075062602
14505.60314382764
7244.245673665794
7725.027910188229
8006.329505686262
238670.76289793593
8402.373395987594
13873.819149402072
11605.851183172277
10041.882832140387
12915.922204501725
8070.064005675627
7221.66755320723
8673.978046517279
7265.274847603801
9734.396424686074
8813.674453006632
11704.538055010158
13404.360674689799
25534.802688760203
8638.373075082505
6892.513100958583
7417.5105615880175
10380.867055721708
10737.287808783678
8994.847966863992
