70484.9623613786
75261.30321965354
83637.66141167916
97922.77738901576
102979.96440964584
93327.19258876985
93625.98305994824
83295.92886951509
84711.03712704514
90070.46513487375
98735.35677577334
63058.50404379543
69625.66922078392
68171.13532298876
38398.6203819908
29134.213932380386
30343.071408285043
24537.466776149042
29250.38798634689
28594.088792320457
46356.568865898866
77137.28559273061
80678.10960720526
79466.1912048297
79726.45583535242
76913.95591919021
75735.6994347132
66911.99412928628
75900.3486767549
80419.88271636804
84553.33332092332
84101.08995253769
80972.98245419927
83776.72282095875
83004.38552090633
79881.98364420839
75443.86494304099
74157.42303990421
77768.2659578985
76908.4406413265
70318.47388346554
69498.69295175745
65937.47011525708
61996.23979502152
61767.16642800781
63585.44059366877
87895.79054973567
66330.14025361829
62821.861105504744
53893.937680857234
53205.122412061246
60063.94204712725
55262.406229237575
51116.39639228279
53612.20754677404
54665.73499720655
63759.00646266838
65156.53476940009
48667.517154673376
76865.89097533873
66183.64264749747
56514.4695577352
62645.39474893306
61332.010788391315
59854.517659034755
61662.112788297796
69095.25568553241
88484.05724505466
58844.69654313102
53464.808096222754
50462.313344054535
50848.774742225665
51633.81931407115
50453.86626876008
53878.84180821724
59906.563915142964
60811.39222963027
55203.0281854054
70626.22397799917
67927.10024771892
68919.13338976107
65247.15499253898
76305.76163918592
85032.33099919095
63396.95144321898
46453.385069571734
53132.64544654942
65825.52684493807
71121.5408483544
76655.07235009487
81046.70901126656
81774.82087177475
84455.72297736185
78609.91511237502
75853.56287075266
77320.15597537805
77783.2561667855
78421.28561938947
73529.85150380926
80362.74785171392
76109.75280591375
65523.45958226736
65357.96111163419
77157.25333614522
81106.43351097291
100375.36049686336
123139.41939369416
77631.5620711681
77406.46237664553
70034.43097969756
73711.63786859815
75387.79493465288
47823.756640295964
60917.97400841031
65679.23686244753
70059.22017818857
67640.03488530737
73878.91153980573
70650.90524438056
69784.8058222253
66340.89957312276
81854.38624996944
65645.24699676903
78563.2002650409
76349.40516460236
56720.34843013362
71905.93695616898
69475.36016993737
76163.48429322154
78877.72558524915
69885.48810671997
80145.56392929636
77009.36905007431
77621.36668722628
68086.98437316013
67122.7796575643
70876.04874275671
72249.24850607883
75098.85942689313
75555.79410758332
72715.91698851954
76787.32500560947
75735.38302489424
67131.64587608191
71371.74006309621
14888.348126659497
17246.34057793542
18207.845763910504
18442.476247738294
8036.785077002555
6484.182649552991
7874.187556323129
8825.356968594831
5948.545556244055
5117.845630689613
13051.607471335206
17899.746043398885
18970.059015985025
97735.72766195172
77000.20300370615
83644.73140511525
36625.72165750436
14646.38248529458
13710.14182906147
15313.07476258753
17049.28106257644
13133.582275796072
14217.728575985784
13474.836659896213
13584.234085916178
15260.932160834187
17158.349003175612
23648.311693064265
17943.779845811125
15654.448942068577
17775.162945627395
11064.322268045631
11848.05855322907
12465.036405852921
10393.61816279952
12167.941824174242
9242.055575416603
13383.737092072652
11237.989542882297
14843.00715926107
14625.770991002431
19087.574231099465
8905.354249644395
10676.87365448744
13173.6106530571
12369.59015312644
12713.96021924256
11427.47372174503
13447.290184499758
12162.936500523208
12983.73813028173
11581.620561903606
12788.851447630388
11464.642424616022
8203.652782715884
4571.497597316696
9045.012766028576
12367.070434763991
12284.705352148716
16629.563236681683
14321.000303884091
22804.957601464364
13210.752366757877
15349.840870638904
12380.531729269542
11476.751901966385
15163.657576791287
14007.02326316323
15271.564951826706
13389.192311047913
13669.3186894116
15114.597793647046
32959.42429183747
22477.15260058938
18247.971956615045
10929.852099908789
15369.570851454657
15386.903386265772
15473.435681878926
16653.519862980247
17339.28913619719
12136.436988007823
12322.158197127632
12605.307826602872
12459.35223178564
18583.30714408462
22894.004534649503
27051.047446311783
31797.21068356911
45309.18359855326
57628.574812222905
63806.04081713375
62633.33178869999
66117.56133232782
66134.47126239461
69867.2823872453
68636.32788950828
70736.94503530352
73441.11039737547
75599.27111102465
61505.760052025726
75724.60891277768
71832.21653999347
73936.72514661956
74486.65758446103
73172.45789188355
72686.41945458658
74272.47988896711
78147.81027888793
81572.25085760819
87327.03773432135
85750.32024756422
94245.45338151687
95634.58305814047
88946.50108817722
91935.56331274215
91989.95002224486
84286.101470951
73333.06005179552
89780.41119768104
63781.76859045643
65207.340498294616
69675.85881322922
64687.669761878955
13169.612243353069
21697.352574840796
79451.03238600118
71919.9522075086
55614.26494220227
55916.64056953447
64913.548405234775
62824.74689149127
65705.35485103895
59519.53135433529
66220.52117429498
62895.742918154276
60612.77645152588
59720.55147818702
61675.83806367852
65464.08249238306
62895.73188861333
65774.53543724232
54605.943129426705
55925.4103510897
52570.59220637513
52005.139429899034
51395.05577496455
54391.41096484864
55468.93876790347
62448.84083730513
61768.62829850752
65645.6002090854
65341.16252334229
52464.853247554965
55039.792766260856
62303.474977445236
73138.41117719763
63356.51459821209
49642.06951704498
51821.88594509634
56588.46255092221
62061.24014433101
61706.46446426094
62825.8313000175
61046.042503058
61975.85603174241
68103.3178075585
41387.20592274288
47331.28323465686
64054.0149247381
55111.2620088367
51785.03994232171
59262.70290453591
64278.388779700545
52644.70224935701
53986.04736721546
50851.86520597535
52474.26494732455
53400.47795637468
43898.74992624081
62181.65083812096
63736.87199091198
62819.06149111488
21446.870046870834
30094.60266415169
54251.82685875641
53665.840362625284
57740.43911608254
54190.823921208306
57906.112402003164
49287.04068833677
62074.73113135029
65108.7351495056
62412.68585590234
65323.43049752616
61645.56796477946
61448.143239308956
61914.78031220135
61500.20559044711
63800.10420574366
64442.133154846255
66187.08289270508
61530.72178348694
64088.48784838553
64396.605023530676
63111.3135332992
61830.153620079436
61415.980370682904
61063.77047084493
61920.21494197496
61235.439483245784
60992.38376163551
62407.6876968017
42402.71350315658
52759.368120220344
59170.14446503009
56491.57477896479
69124.71443651897
72846.5196122229
61699.83729517894
73420.55016315053
78788.22857731947
74810.57922982621
75680.83498809341
75308.70022075168
71697.59141047028
65872.99040235314
67413.45931686643
73909.2503197055
76541.71116155598
71998.90262951428
72399.69097412952
73996.46334547656
71856.5618317098
43185.5557183932
67363.78624690183
63157.38945822707
65717.1705696809
60621.0178665774
56815.926056257485
63186.14697256525
71110.7727193884
86726.69521349283
75452.32676516245
66359.75585846131
59723.489246290286
63592.54879379462
54997.472927425835
63333.66463324383
75584.17032076138
70472.07342569806
71864.28147194628
65133.271259803885
68364.61895481084
54796.391805832034
60470.65453673702
46140.435876795564
61014.804664632604
61148.39240302517
62282.430872418736
67332.08075391191
69423.89133483787
67148.12886545176
64217.35056967258
16416.976954152782
16990.71294574986
20907.678932213177
8606.189528459423
8627.49958307395
12820.881803093145
18812.10361913912
34064.865009091984
21050.487698675595
31284.51876121556
35338.63263144109
35847.51486611081
37001.55312722395
32712.245673524587
33691.313729513866
36125.03807038131
50773.92269079762
56910.87347543823
87467.50818219974
87899.04179187288
92368.51707963823
94179.07308750617
81768.52223965326
83905.5903399837
90529.15552581681
79252.4261336993
86929.7033987475
80872.80700575966
81314.51233446294
93775.10296693948
90938.03290004734
86563.91144909781
67948.76337764779
67645.89014481427
68266.05878168877
90161.20659148636
67901.41987115255
59390.683255389304
67801.99071911711
69821.26301025596
63481.60076921345
66633.32142283427
69147.21403134808
66331.08170763597
68714.94795950054
66479.19867068897
47902.15501264672
75021.038422331
68280.3649705627
10205.366599457404
13188.92420016841
10584.015594861861
9868.127439856933
3320.697032718689
9795.311470025632
19589.91654078254
29486.45178532422
39425.90867359663
129596.65700917775
23367.684927630864
59030.446312541535
29421.500024961373
12307.20389480458
13526.517201390945
13954.142066168399
22048.10507690667
35073.01082967071
52383.055060854866
18631.646039647116
21772.982480925984
21932.14900161879
4076.8675176164984
21317.96799646305
21286.460917347475
18923.079067423856
9591.547991475007
9366.520574216802
9874.041671763716
11636.296414337057
10465.771075661343
11707.240539801373
10787.971437646322
10343.687667596267
12323.221254284348
13673.733766587507
22211.096503874596
21634.725590014816
13170.3460815969
17260.886227145296
42146.616611925114
11908.459573347765
11381.441582205556
9078.04401898641
10915.610779493521
10373.598002677161
27231.343164276517
18403.53036095596
18442.2559154738
21849.31473579188
22874.537039835108
20446.231166475307
56233.531921780275
19965.368927791253
23216.39983193487
59323.50337254417
20993.478114267375
18541.1515188675
13730.055926570565
8761.05513305413
10329.363553786572
11270.328484313524
8421.058425507266
12875.441474463592
25811.561110264876
15383.723376135651
15669.090366007096
34489.234522389925
12820.209529992111
14659.59721778027
8621.172233019692
4730.026187426405
4933.966774412472
4346.922528228586
4986.529693358629
14648.795511953782
19839.625315140132
21744.891378733137
13594.39417310714
14630.925616648361
12565.453013942752
9818.832666046443
7507.996087595839
11571.188781833045
9298.168355712087
12114.124410450824
10153.733907700622
22835.118026131568
15456.959607959101
10986.348842868134
10553.909930128753
8174.734165719844
9669.6549581507
10416.114284881705
13469.139982563787
11043.13151994174
12719.748049880021
14655.551474136691
10434.6524739603
8635.91647884455
10469.07536871866
10038.043578691315
9030.362174393309
6508.042727330467
8739.172713955671
6912.968065393364
13184.353536809233
7747.980504331077
8998.798021631177
9093.296838687422
9074.990281539125
10282.224664285066
9019.812539405413
12524.267410489745
9144.57728611567
8814.74408834973
9059.84060385133
9213.987526261455
12045.081990612294
7969.93543682823
43283.16589145238
8359.338576048971
9289.67614224636
13857.746502695434
10096.506048469842
9178.359970295916
12340.170399862323
9686.690916852265
9187.870380021723
10216.469522215639
22837.320865424103
14216.568708796814
14537.177366355914
21950.65502683792
17499.237940068128
10047.033874982426
11075.352658875572
12503.748379932042
17535.10970292953
34011.8934161828
31834.835836325154
23544.974671304248
26275.68411780567
20623.16723443569
32272.43309446278
23956.738569730587
17770.571997908068
15633.790993901644
9144.787915834524
14357.252736985803
10375.520409679471
12726.17646923836
11977.133000891043
10283.644977215927
10004.166969635806
10761.078396528044
14933.064923619662
11107.185708485878
18113.131223523913
19015.725498879292
21993.445368908913
9946.285430661705
9608.569203786994
9462.679512534349
24328.014777872235
9329.772532269875
15296.021823860756
20640.210275192396
14674.850183309665
7208.085865238521
9666.44046116906
9563.82689897619
7076.014566881697
9210.275920778851
7348.455651782851
29785.823807675366
11049.557446352144
10355.277283517062
17157.085691646946
9072.340666622074
13210.026313694272
8828.644887744822
12412.09843970062
13577.919859239517
9013.033422308974
13833.397014219336
13905.559790175388
11067.888303516063
9733.267214160243
10832.439373920102
9623.49741217275
9046.051685576902
10632.204739126257
11062.70007659928
67922.23508394146
17822.883191923767
14422.14749182386
8471.390048101355
7771.016861570946
9078.123071769023
19851.856375036383
11490.436391552274
11597.413624899411
6672.309343360456
8127.316367110982
11184.851344120081
8390.918517153803
9099.08236048707
2556.39464199786
6268.400669552469
7480.484160079447
9230.478498570104
7958.187238307737
10853.584389484904
11051.246327220473
9655.726425296722
20092.72611196974
31669.489129198588
13183.648027889523
13756.821799610105
11603.274000937463
10628.18982075865
12370.206226137723
10900.80472665239
15308.460369223829
13752.396703603667
17267.665762101078
10910.81813141021
7047.383223645449
3407.4507555698447
3266.8242794319817
4399.241777862333
5221.724339573803
7837.666137425682
8196.649841333978
7437.351262246965
8147.429016761626
8743.877498588432
12400.823949450545
17760.340832584086
21573.169376260394
21333.258368576757
16192.981086626762
18358.785413922353
12433.699442111281
16628.465979691533
13535.229475897806
14539.310559334052
14694.799990708434
11497.742594552163
10018.139251513063
7694.2831615497025
8186.298291877787
10204.008663416884
6948.617317494574
8813.219504752977
17768.050852992117
10002.414849861043
9942.453206211896
12221.29584052109
11807.62539275875
16173.448683157456
13588.231504910864
7065.555282614244
8831.705545725257
11284.491238090834
9681.816874883336
14694.720776792654
16284.219039821966
9604.09108843758
15161.740202416144
10925.929396752294
11474.6344950675
9759.2704873388
76489.89918615704
8764.766530822837
90196.99394895456
25888.22990442161
7514.573829090289
7602.007139760124
7227.013899253676
11485.858445027767
10226.125573906485
10178.31494155242
8811.26900838561
8592.692005992394
14182.075215781962
12369.616820202393
35655.15786682963
12038.615377488368
11691.825656728346
15298.693355769896
17194.608241196252
15622.308716974574
14071.422725782792
15112.2790946445
12647.777790386304
11138.353832692439
13397.975207669066
10591.795667506516
9844.310828864947
13415.95960889694
7147.108645870542
14994.475470667874
31184.77981355142
13263.815561950625
12718.628278712864
10281.45848142174
11786.942552746696
12741.953175341716
10967.856670562187
13612.55093409268
19657.07442970358
29712.753228058024
54863.0888885684
45592.337860574764
61364.96471442724
42130.39642258131
21140.317423262473
7930.410733229647
11704.19762430001
11580.865258140864
8248.308550474769
9898.108941727618
13474.942224350854
7839.155823592944
73817.37075474192
7319.388662824545
5078.569011289269
6435.932195075887
5577.79622261392
7333.722359026449
9700.135476501875
6314.804499635684
11492.883825559644
10233.171349838742
10022.172916663993
7915.909438791171
72987.33106053919
20746.65900337705
15944.01467625842
27853.06529575723
14049.701092785841
11355.336362403878
11615.77103914645
17595.06207827238
13416.393140220442
12492.11322754195
21117.13287848516
17605.30168208644
23910.023895303206
16900.857876698283
23423.81584105684
20569.39352199514
14938.113267002489
16487.252982179707
31016.98264972044
23822.833484586357
20078.138184298175
18655.724278930866
20154.066014722484
16477.017346459605
18657.323263560873
24873.389932025693
18009.32904337768
17766.88068196221
17699.460590420822
23933.68142724445
30149.362508914368
26093.200573864142
16294.526666210086
14588.487586169938
16264.003782420152
13792.143993902693
10524.174786303642
17644.339217943983
22774.0211336178
19846.450253907922
21504.7772787929
13543.804959564308
16519.58278592627
16940.597120795923
14699.107981731817
14534.39961443604
21588.77682620422
19281.2934620176
21308.092904141766
20115.58951762126
55955.780046323205
232541.6928491963
57053.192024934586
26062.631015516195
65199.011003883534
63059.50736150498
93571.28698281822
25894.041176231123
13470.903513893578
13318.188657874553
21764.971105060657
14902.050972298919
12214.16309508811
11314.862448393667
17656.43977445353
16298.425355089965
12147.815467965398
20586.436215702677
21041.328457118423
19206.669998998892
14584.507071314833
24297.342227569865
19147.388309903345
15076.417522518224
30025.38714581033
20988.782530493747
24475.67203326203
18528.46294863621
22456.46430466082
13023.987727290958
9960.443899821306
14662.209187780276
16240.063525622836
15622.97866845808
19637.292709571386
18046.275403116713
17555.49556617557
13907.008571971872
12754.00263422125
13152.675465316874
12295.46015810766
11736.45188858651
17377.244046794374
20657.046690837495
17017.4032478461
18930.07681324866
20852.07793298931
32074.064592360635
33559.921600503
34091.66023917281
39410.47429995478
47345.1570727758
57771.51604662808
62980.16754463864
79005.64267378382
84722.83151779043
92985.68171050066
109453.97771198451
114708.4216895094
136951.35139420637
140695.86583960694
150639.93856544193
172885.82321601326
198141.7389924111
215554.7532331129
256043.82354468372
257822.3461450877
271231.55570601055
287034.44151312526
305852.33031273104
327088.2821019739
350798.7595396993
382057.0455434607
405426.70972901466
414556.12112067576
457158.61651275615
482543.09252638085
509024.83228755096
543459.4806890717
574055.5489779346
601432.1998428716
558286.1691214507
563402.0840940151
633525.7746943097
600223.7076411273
527146.2386827254
486594.1349218634
514635.01548739197
548382.4476410993
649652.263652098
731405.1153896623
843491.2099486174
921116.9317271854
966915.216015331
934702.1543050462
956742.0607406812
971172.33741284
972362.1408402062
1144045.6546068173
1236585.5227159937
1275680.9643726174
1300033.0615691973
1222339.9144524757
1198539.1087783803
1143608.5090844992
1193110.595658366
1376099.5445532985
1486338.9734557623
1539286.557302045
1578915.164732323
1634855.6390132804
1656158.2925780623
1784485.6465613982
1776909.5758767826
1392695.6162495266
1546277.6656417549
1640305.047823247
1801694.0271651533
2293343.7344153835
2510546.904288393
2559614.5687662424
2590974.052006084
2791424.216819991
2765467.564256463
2901767.4669781416
2746924.299576277
3230906.596857859
3159455.7860628483
3236928.7210192983
3224239.9370376454
3469868.413041054
3483233.3013786166
3548468.7798927515
3710252.3497853586
2800872.604494791
3777021.5194779234
3911034.295671667
3973480.5747222085
3894010.8008436062
4140265.469009225
3961221.4071842493
3926486.070500941
3375037.341431418
3562933.3381107193
3662946.889855962
3465403.169863081
3262074.0252883527
3171070.6863943567
3006412.965716617
2840113.716004336
2713786.849771387
2386647.8202764527
2001089.180315204
2190998.0837592455
2110275.2381632705
2210311.158953265
2054290.2475915235
1792928.8823987388
1769645.1157209866
1634239.1804078578
1679201.8989719811
1694335.386964709
1332114.6296232033
1343122.2468005482
1149170.3991510286
1162940.306729065
1072627.2564892427
992135.2683483156
920474.3304999272
833189.6017045644
871112.9234532884
814321.9668041987
680914.0240594499
637020.7899000904
650222.2945067532
531440.3121683234
451816.6654417987
405261.93749137473
397002.7619518324
373238.4179105287
389158.65964873374
367026.53070711344
296891.89546123095
282275.4086850766
277596.6950542196
2442291.235610763
3317610.5545008914
3419094.7075808235
3375437.7857544236
3448124.24118063
3484185.960466431
3390718.673972339
3181480.49097746
3328633.0021163244
3394462.545098659
3462295.821818003
3410196.6239036885
3431519.793189556
3204078.202680156
2503472.894300998
3262374.9879168277
3223471.502045239
2926921.004910929
3156031.3235039744
3211860.2169742077
3304678.177562522
3278070.1899650693
3187833.1461530128
3153821.5532932593
3160142.644043828
3159951.5937407026
3125671.7877330757
3137120.2341160667
3109280.5847848277
3296435.0308460123
3305133.7441624547
3252945.739732622
3063646.229795935
3272707.4353915323
3233603.0833975743
3309685.0161262834
3292774.6917445795
3145244.5874785422
3274774.928076395
3459837.2302707927
3487783.0695476416
3426906.2620243067
3169429.3082875083
3368807.2681383584
3469227.566210912
3521694.549565944
3442685.5714418916
3297381.088740842
3532170.1186011075
3588170.3790869038
3502660.300263394
3428574.430569533
2751554.0797719182
3387530.4975741375
3446668.6443702313
3468857.750117438
3430386.8622343475
3126390.0143408934
3297301.0705982177
3413499.816119733
3449746.0277645662
3412305.2075102325
3126183.1686727707
3317762.759722788
3441342.6085020523
3275042.0665209284
3281719.29597008
3215286.143201363
3261079.191629814
3450629.137558787
3321366.588604439
3417893.1170323202
3265979.905352179
3429799.5089488323
3375210.389643573
3461824.7047129027
3287235.248292657
3044174.2000564756
2975130.291038663
3407786.8538458776
3280103.6299744146
3438992.3844882133
3075154.2521609846
3348010.223142541
3423816.5624776985
3130129.621188035
3090137.9947185447
2984484.866725457
3161371.8550422364
3188009.777007892
3088094.1583285555
3091676.6486792513
2954839.8877502736
3001666.231625277
3045131.541694085
3015007.946243429
3026841.21915774
2719402.9146656073
2950552.0732146637
3076056.963404809
3333589.056742881
3244973.906068982
3001169.598471588
3120545.623016737
2917007.740122861
3116672.665342191
3081990.0931302337
2860675.6150846872
2992184.609898727
2968884.2240560213
3007086.1266684467
3002431.937226461
2815013.3396871095
3038586.6222572895
3167348.61431376
3092831.5987527724
3059880.665454736
2801613.5286879563
3107866.9994550543
3171527.642484081
3142373.913066042
3095294.082380045
2934995.8537373682
3137054.203049582
3127026.002125622
3074384.105561503
3100000.4747655536
3018149.8897987828
3078160.4717895184
3024209.8410123773
3135667.231088098
3206331.0727106123
3053942.368027229
3249841.6944411225
3104067.192911019
2934154.194820224
3056768.7542168368
2790858.320944682
3044000.5510739996
3074572.437194294
3183059.759245072
3091101.3722557155
2896702.9461296946
3042788.2144162045
3097958.678445898
3002408.3230098337
3106838.6769827423
2751073.6564378836
3084336.1076937616
3058252.3261082703
3077203.3052094174
3002614.031279251
2927883.669703841
3138530.8636938566
3142250.4511751803
3099609.933156902
3067691.775183813
2917539.9233253
2934833.9052410284
2989588.9344338872
3023691.5297433417
3107212.4664785303
2727157.040863525
2355973.7312829318
2941762.1547302227
2951197.3632324385
3074063.8575823014
2904256.7122762892
3021273.2735065985
2952511.980112725
2990249.8668899504
3040190.5239734543
2824504.765704505
3049064.497678093
3035957.955466952
3121364.855944961
2967183.6165955104
2784740.7931702277
2835930.1750683854
2923483.5425507342
3042050.7341752164
2899180.570927965
2805110.7607765663
3054836.461500821
3021326.47253851
2904655.2794020595
3085476.585994023
2941016.234497434
2925248.7509520627
3219598.245241926
3141458.223035984
2980179.922148774
2964711.574064552
3193350.7547814394
3020271.5819621664
3119622.4568058085
3086039.568200985
2640783.329180655
2907127.5643604253
3096476.0917248786
3035888.580744309
3159351.6418013014
2755063.629756872
3023790.857219926
3272572.366489559
3040244.1272077137
2925504.3704363503
2931056.721613798
3104390.574843999
3007784.8506252696
3079351.18336274
3115659.0757620074
2862651.3261364778
3019001.3037690097
3112307.374862191
3108435.1979262903
3048019.870425779
2872017.0631665955
3125949.478755837
3192553.2439699736
3291315.7976292386
3347880.513579083
3173387.6226400225
2476421.957743541
3215825.4698611777
3110125.143567621
3126665.6729271607
2936750.1399258836
3067892.261660132
1005475.3603466639
27380.017108135915
17220.558923635752
17712.472692995332
24442.281696912705
22474.368186065567
21838.747954095557
20877.363960734485
29546.115954054305
37616.14330683116
41499.43364437832
34549.62000978568
41942.24064221614
42489.986421803325
23515.540466679115
13020.510799045851
9310.155769270285
9630.651745667752
13875.236034371885
19810.267925409466
8930.858945758955
9805.174810878556
14866.241188019845
8434.512655102111
6111.586472528453
16044.069271819515
16269.079121085135
12952.227558189477
5086.212412014284
16878.94155973469
7445.865568145223
6522.902481243323
13694.381574603534
12904.006171575384
12458.248074211384
21566.164648682323
10627.996477455506
14555.180719738997
11863.897109362257
17252.919554262062
35358.0054881311
32271.48186921118
30674.549953657704
33132.46702934385
11812.467038216746
17132.641207313623
7294.31244327073
20337.408362450627
22766.248540127453
18079.445634129715
14596.585887176236
12908.617871444443
16223.419557916428
8725.398195288471
8599.142121875228
8347.55246407314
1467.538231166657
6268.84638729026
24100.091512602063
16473.824323849745
14728.667789146344
14323.01470677766
19364.757395346038
19588.21132932279
19884.211159376926
21493.26337641967
26037.556295408907
28202.977837982435
14283.667548570238
18494.93986420619
12733.2262950906
8056.71470257403
14568.710556756514
10976.586815048007
8917.721601635392
7460.984149148866
5862.381453609123
8762.917325986167
11071.406396093846
5132.177676743542
3765.980873464778
5848.58509149383
2921.315288807091
3823.3715918104926
13611.329266595369
13639.581756358264
10310.021982971852
13871.934254955617
9041.486024928792
21195.224788682106
17712.535474038366
14682.614902127572
69964.8598127032
28561.57659872077
23148.270386535776
13264.26292915821
8306.236272295793
8935.507303119615
9556.991063651314
6051.216358005
10703.432530323133
15692.860650846182
14709.911400671157
16157.696186616968
16006.326591931642
12889.399219032735
51072.96641852023
80703.78010349031
81512.0489493316
88377.99476822901
89818.14049408758
53463.581711012186
35351.06751413779
32483.193332223014
16120.288531043012
49475.81133604178
47349.07857111354
48217.47487118881
47347.42967575832
48681.91556727879
48965.424164965305
50222.46487872872
65320.38317366932
53628.02756992938
54098.30174216454
51813.568761499046
34563.68967086101
28999.02997678492
30492.086341720773
36117.15619456225
36412.79516035835
41809.81450183512
35093.74985443508
33114.78380696767
27880.22992918023
27081.5382605539
26603.114887944692
25535.93974859208
25686.296718940102
28340.720299472352
35259.70960936045
45879.81412567777
32889.311138410776
20170.094045636124
15366.438421402061
18058.040361724663
11693.41823614103
12087.57355046432
13798.625650710661
7907.364840490227
35184.88818993991
5875.303843749482
5527.274525151685
6059.369069703488
8577.711935116626
18211.372640932943
19371.207496415478
20550.6934333042
3907.844378633381
11032.419183952612
12206.965518920377
13388.403603308836
16457.99338356967
14640.596140113154
15564.220032339445
21079.8441464627
16306.611522414316
14164.76218093758
14276.693776734859
6432.488966047185
13359.55444159898
21015.09432615472
18530.83491088229
16859.101101025914
11109.412530091755
10023.878681782036
9389.585498115612
7991.93718214921
8978.823840816685
15882.504326384445
17005.832029944882
18736.116887266362
19145.476766323798
10004.198248011384
11338.60819681944
8392.720834029438
6392.254421194563
9692.313772512854
13925.55113754816
14624.239149106188
10760.289405741616
12612.26104719626
13946.23477594564
12964.824933149432
9601.1342562357
13106.5985355276
14069.362307502926
14069.311569550928
11199.255955022321
7664.9691410762025
8043.333950352548
6204.03488336502
7170.942126192489
6834.858691030197
16280.89354944465
9892.31082112642
9392.335654959234
15768.965582301598
19509.572859504075
15954.798913060837
13330.764412298755
7823.676556448949
9173.53769162321
9875.019550713514
8714.771512739966
16321.2279142878
18378.650832309857
14176.90808686144
42893.19220239027
8886.95620441001
8809.767694379767
11467.014893411633
41972.866568634425
12310.59998898583
24349.499566668663
8531.700636557205
8644.56480590054
25705.464918528563
16370.392992802159
23569.865429177382
21922.37491243952
29767.116331256344
34933.804230611946
37230.96331078354
26328.981522967213
30481.878312313234
32479.018009510342
31491.32397540955
40643.83708482316
32729.053524156654
22404.450094708616
19230.60249087646
8446.255867770835
10375.790489059524
18376.530180320853
11860.931905800559
15365.374460737346
23715.35893158983
17843.229596249905
9788.855791415488
6537.061244772277
7127.072120260921
7290.111800067857
7553.684666943929
8012.214305013021
7325.497404531762
7502.228086480029
7187.841909980706
6735.688550285709
7185.848881733575
6492.585535282251
6852.555768916804
5301.612241850463
6609.7547516322265
10816.544981714027
5745.522332896229
6025.061707726819
6557.277385399464
6611.290084528633
9153.837145573785
6926.178871910535
18007.76380612151
4802.9931564538565
6569.502563272334
6157.1246565040055
6410.583156105829
5702.701998716553
4832.633944307043
5861.074659969282
5241.19466494228
5229.736960015248
12341.718057328126
35269.38709528748
63453.38759890306
24085.586289226925
12604.834394891373
12038.556169614065
13376.586202290991
12416.382137550992
13565.25978139782
11897.347205528104
11269.833641707319
11964.036131427867
12358.183825782522
12880.81152779861
11411.449342346783
12913.438044219964
11125.8024375806
12176.267506326076
14140.969062865344
13739.402191009158
12340.307875222274
12907.645324776357
12614.145930087525
15437.905568884487
12630.549215821047
13417.881548423558
11255.86349438779
13554.098590421861
13325.679243445806
12413.473350743383
12470.560678165073
11365.01681016494
14465.996595833232
15771.475563337806
14043.70803093661
14838.036089516623
12651.108696486344
13757.6992083493
13270.3449027998
23469.515419619715
23089.872285489895
20053.782556483744
21460.491438267763
20572.46632632243
20635.348420855466
14111.846829977534
12385.40027148259
13827.485390258173
21055.48111792916
11614.645516629049
13701.758006712578
19593.162907361828
25094.109621521064
23351.39944890119
26300.116881923663
25592.00345553899
8547.787972987957
6166.373736872711
5177.544920360103
16126.146764928084
10590.888825769474
15388.585462722327
16391.93793315688
21556.60474960608
14218.858332735992
8397.335899099617
7613.715543151578
11861.965088856157
16817.886557645386
20871.69735334373
16394.5338290808
21797.058638568706
14720.63802663381
6132.31776920472
5972.048600082341
13984.863772177569
13426.35973789772
11051.614835799775
9407.415077487613
7518.538749902368
6802.765031847526
6095.884076876968
6963.513939894984
5388.129985698714
6371.604074559739
9275.640076647194
14010.902302990953
12767.725664290158
17141.195778521404
9853.813869559066
5370.94094517089
4571.60678116687
7155.563787813901
11652.543431059581
12442.406577669673
12293.724930959246
13147.520095301048
12120.410237158607
14078.275159986852
22774.575366466735
31050.77972364064
32212.01193701164
23732.75445449374
13539.50723891061
13598.627482913636
12707.96353770535
9325.157414330191
7498.212588912326
11693.847552901627
20740.76779495868
25708.108706045467
19195.53686080401
16864.468087037098
28372.53660615439
12695.664587190779
12754.484265478632
11351.015887732025
8687.960959327604
20293.382879156805
8735.691432866206
12308.419127471549
12572.631261077759
11118.120809178632
14270.754904555948
19663.922984106037
15751.322916267041
12697.301279753332
10091.78527631488
9711.763694429648
9394.091785958375
8110.055319392719
6978.629068967155
8003.620715967574
6709.72763270487
6358.5960965002505
5976.327008357301
8194.164684753921
6533.74589103235
15933.974221072054
7384.075558179896
8395.774988565148
7035.576721522299
7321.708730364121
6806.900210768987
7227.569924376643
7658.452345938852
10196.578457747848
6068.4481270354845
8665.053670649466
12002.544299297157
6094.9346229827415
6429.227899523082
6187.95235664408
7131.100294068424
7756.0412586035145
15637.600005993912
21688.739215673908
32773.78996632466
25561.221226121455
24704.15395160063
19806.922430791943
19514.922527314655
18483.92101145841
23844.390853453446
56213.91456801159
55853.66861951376
46991.3167070144
36446.966937993595
41723.632696486646
35611.777075452024
33988.759494357546
33195.778486420895
31674.91972436659
33471.28020023997
45753.36931463172
47613.43148693798
30432.85869552441
31050.248990072585
29471.692521396628
31249.767961441186
31776.149003733794
27696.08036711922
28147.49696248232
29824.995980087802
28897.055441273387
27239.307247195364
30196.36562989266
29056.587870607902
30066.965249363337
22314.7859746289
7951.97896035108
8722.940892330156
7974.479788676305
8404.296005710863
9645.317034643247
8588.666612212826
9442.561449457795
11750.025933041486
13715.944006520656
17575.345867107655
18956.85139847221
15987.073043612447
18345.805918380665
16851.437472320307
14603.735544491206
16022.22270815658
16607.311651395034
11943.802449818091
20801.222282008406
38388.11188969478
27350.52226548023
19904.818410703934
25459.29059345863
38830.74037311524
24244.341105059986
55768.26084010068
49711.76825577435
62981.111202068576
32508.409198282745
18401.388015460074
22645.085476794426
9191.629503413431
7931.3869581504305
7549.434009095088
8300.993083382691
11047.770647452786
8096.949488993808
7839.779789270722
17726.719452997528
8453.839977785845
14373.62212546379
10126.460036670966
15334.502208506077
7204.044859344506
8804.741113770062
9529.578654570814
8092.577474452474
7293.951139222854
18664.323519547965
8489.58209775147
11004.393870301967
8177.403423038592
8428.697537989347
13500.852687271356
12265.010783475178
7870.694948444108
7353.924778835218
6972.021918147926
7722.615687253469
17953.528387335955
39413.01059434318
8591.069500292619
9028.166554108682
8415.65996549667
9401.95466154663
10695.230860487607
15123.997669209277
15183.839929660708
8661.257188246755
10018.93938293796
10000.638029441732
10271.017324022883
10871.688722930105
10806.156742081905
10509.6706437982
11723.402217853616
12204.632505088784
21552.166394809105
16555.00087276024
15157.830721645783
15337.978021972931
15236.283607997135
8564.759886104326
9570.349054271668
9814.472469853112
9799.18046371709
22773.22635328282
12150.57871992682
16138.053840391829
11339.272613546433
19211.989339559128
30147.973891286514
30810.39988614252
21945.559423479317
23305.850973539393
23994.73490770508
30536.23425236747
23394.664674731204
22006.534029421447
25500.986951181774
22545.994654421906
25384.86937738285
23314.87420190842
22587.029841357886
32526.10895016216
28994.103733609194
25509.142303110995
24818.514957008945
14871.133907506952
19538.74896925257
14388.532716574902
21115.581352154193
33323.04879846912
27075.62522701507
27584.30728112566
18726.481096222473
17322.44050646851
16889.064330546098
21925.216699596614
28855.335402135413
29582.949758467985
27743.351572848325
27869.648929495277
21446.801859530216
29795.003879117838
16097.150513811568
16609.204664513974
16885.26071126306
17250.420490734872
14863.313317879483
9801.736836993457
12026.848907086196
30045.192990548585
24151.834901624785
29722.394482084303
25641.516180846433
21145.367945026966
54992.58516785812
62712.50589606228
46800.789135123785
78156.59620102867
66140.96898330584
36327.772158149884
32166.490453755243
28407.04004405338
32886.143108076714
32222.256991073245
16339.216873871548
22425.17374003197
39813.408108264455
29110.245286275494
27714.71386860553
32220.237994737392
27818.505474293182
12226.250072442499
6468.830514125903
10582.48837426766
15782.57215123328
15790.276322588008
13073.050916690196
15313.894144102891
10445.552538535032
12250.597563841859
14357.581653734633
13861.63937285297
10846.435007777354
18806.370966309736
20328.67052705477
13024.617511418877
14855.99809957643
13430.849704102904
9255.439602296496
9050.567198922216
7804.420258876357
17311.54366628158
59468.972229223975
9513.153135960789
13030.415527338786
14261.77994381256
10507.731857680057
9256.043881259293
8976.329399702625
18352.962409412758
10983.526777117297
10215.499470293345
11692.913315681752
12825.009570225133
6758.268838770715
6332.025246122698
7945.474182568469
8196.700584312266
10530.507598415414
7221.9695427552015
9307.862113205698
14120.04834365015
8236.547716738864
9317.971443002592
10750.4322422296
10427.953193534966
6803.900433101726
7890.388000166881
8081.42348744011
6657.578966206877
6778.10972001974
5675.106396941722
7340.801645549297
5851.499503019573
6945.97980032692
8385.856448572316
9374.000180407853
18632.280851588373
15867.419245978059
14667.900234931963
16025.748515516036
12943.906402427825
15524.52100755176
14899.845069695786
15073.856514904832
24667.13903570532
26229.956236514834
16954.310627486528
19834.730614061442
20742.132521343876
21284.546718172085
7742.559536478385
10665.510460210431
13047.689798678242
14706.362422172055
14988.974375787831
12849.821069982832
14941.983263907454
17017.51365730504
13759.874849025486
10531.89643976854
10756.55317075093
19938.0206733709
22190.567901700924
22513.686353979087
17015.838244796203
36678.65324584482
56609.52039148434
47043.66239224813
46839.81320993786
52425.210075884854
14837.336296907899
10614.869190304513
10656.905754587924
10016.320619857384
17397.274621253855
13159.238205563543
17478.5148997655
17589.776467520296
15188.156807326855
11966.538244574145
11652.773363938439
16119.946759016564
17523.986124588988
12902.89172012986
14112.28541585293
18130.980179074446
21225.015920723457
15321.419957450411
13039.027340432092
16103.467137372658
16232.650248115844
17513.916159610722
14250.241805826738
12950.953704223748
6609.261577920765
6192.949401413424
7557.465108038464
9760.440415510104
18802.020640951698
12000.381421533635
9593.482042097761
14549.493310981063
7382.541061865767
7415.622171584156
8414.286447063565
12440.023426340098
27807.268752627824
45092.18871898437
10842.283867418368
31424.25892526094
49195.940410775045
16643.817057159074
36152.10700817121
53353.52328885614
52476.91571492065
52592.01439856426
10059.924863528971
46489.79449164845
19611.949519138838
28223.985733323967
23958.09547708384
24090.52510284215
16167.52825486153
21374.773509698873
21063.838139597134
15327.388196108835
11304.50134750138
10714.82516867391
13400.37781999104
15796.599783051157
13436.171929523463
9401.606869060726
25606.388454607022
46251.881944501256
40941.328938331106
44077.236964017815
35823.27408284169
14429.203247050442
5410.208066319172
6841.886489366555
9009.560984105374
31901.440997790116
30483.737296469437
37636.48317638267
30924.47411944863
34836.492527727016
40061.810037112155
21467.56978424028
17809.41973738657
12236.479487486045
11428.69479791437
10643.125751859896
10196.178263731072
11649.407263011142
14698.920566936995
12535.700593991152
12081.628349880068
8164.23390536339
8535.824097158698
8427.460430198842
8765.326732964308
8159.791005133328
8635.200838152063
13221.508619589771
11702.71187167713
10804.81588808533
8196.42217331222
10746.42043433167
7831.064662114256
9475.650084605648
11480.959747467425
8100.11572027471
17861.552761601386
13715.672738524481
17774.166551174036
24744.851577079815
56203.74440308188
44469.06817083976
36623.36113842507
13381.45031116663
13765.041189298337
7582.5579853520585
10089.25959204291
11452.809413101855
10948.915523844544
7890.448267034387
7667.022181700283
8661.01713868572
9332.61232867745
14739.119429154356
11646.313570967919
12749.620225585899
9766.341833025457
8529.420424921904
9622.797864422762
6717.438474141005
6892.403930824941
7297.109392615355
20052.65337802957
12582.65193675114
13414.67092859387
14796.563320322628
53627.05262552347
11148.43873407258
9972.3916315211
60698.42459606877
48338.86079519382
17271.101830231986
16890.02104818117
74497.9273149354
56178.937032029506
15018.782602177705
13261.82038736741
31574.783822477417
84023.50263413716
90516.76305457062
89266.03502428404
92731.36074733183
87603.09336888084
80924.43234316958
59484.2977230613
59492.509712436804
69652.69432477397
64015.34601400315
27270.508378580686
14839.778916503898
16320.866144980979
14740.982585456355
11631.501656814524
19823.144471387626
16162.225065275346
9772.969411137034
10204.44794261494
11471.10975912777
18594.13438287055
52450.66425709071
14092.913589075653
20761.868567984515
34683.23973143031
64377.358704506805
16094.701024097076
9566.52397114372
51310.31923646536
49846.11626582207
20089.814279094015
22949.10617487514
17190.14510154965
16706.049115506754
7948.305010738513
11598.416213481545
17295.47386950584
21241.13200454925
10896.860638213731
7677.299933750297
6576.554109099668
6432.436662293263
6954.495668260894
7491.724341983048
8623.488398618934
10490.1380030789
16652.077247938607
96241.3389994189
38221.55839746373
7654.569634677747
12942.697196700517
8756.666356429314
7740.538960557613
8117.193552730796
7802.372043836208
10815.07099707452
15255.43588594619
17763.850688193048
19320.468218505564
19053.040500994102
17149.196179791874
9389.975291091718
8306.532839787713
11937.35845544096
11079.865753256088
10674.702188973477
10049.69701238267
9139.822653354046
9141.856601602529
13812.242342927633
9371.434756068968
9530.825818416208
11304.14317397079
7313.337529436489
7256.546779585221
6495.114207445086
7381.674327715837
11043.090124291894
8545.193467972478
7872.693739510764
7976.670640151204
6409.469409557629
19373.733050914856
12608.992635820317
28441.81347177171
27930.465100436435
31321.0483713031
136516.586210994
45651.791009294524
26502.16467973516
34617.33627782768
28931.360045735244
146561.15174519992
147093.59791505613
35209.310349620144
17858.34334480006
20848.37407510599
89832.46291264077
123614.93071335848
35494.07018253381
10916.94153767376
15256.138959632157
12968.794096033047
10513.146162869267
9299.966273586488
12609.723215930126
12801.277467633028
10794.809056885442
6351.48679517842
8161.5532975190235
7713.597144669092
10005.182703962897
10842.291146722653
12404.769557540285
14666.135594202611
13339.215511668943
12787.211258730527
7229.290620479216
9621.77773573277
7153.355282539526
28909.214265161623
43029.397597141084
22656.40845075977
26931.946708627464
22488.56232883566
32128.9685586877
24719.223228664494
15663.763303793561
19501.160719599695
15256.95905542345
12377.738496872644
9020.53781360262
22801.116544558623
43175.22708735162
15160.508720111096
53855.406583083364
69508.75332014912
24561.997514960636
34434.873443677774
14633.103650050813
8301.806711410445
19508.15912309806
40616.35225502265
76726.98431701724
63042.30130025715
48749.16159989131
40791.96546587126
22385.2446585444
37918.66593798358
62623.032992507804
17480.837515001636
25806.31373814996
88113.89736416776
40638.70242785969
19946.443203615912
23976.361444326147
25679.835549524887
17226.70881366777
13099.5766455098
28455.31043276592
79438.58277038432
26935.28807964873
16848.18593163172
17831.512764115963
18017.688241741085
10919.078198134983
10161.221149107043
9065.89352569731
31171.248203624666
35755.93737954585
36592.240632701454
35672.893908579026
34059.15084674835
21532.66182847272
8245.828102964473
10934.757207832845
11545.63901380834
8628.84867347577
8634.721405494058
9222.7469065476
7870.904955458251
14674.478842006592
16513.740488475178
15270.266430625898
17028.716288849577
15341.77727519566
19641.54448029871
32767.405131567157
43042.10352330039
30773.21181465153
29027.402736936547
28445.22689060911
16733.999856579812
27549.576271535352
23893.42915190654
23358.86707465253
29379.589244981482
29456.57233579433
34664.29115949372
42725.77286057323
38643.29997388648
36732.858769590996
24694.78493670571
30932.50866405481
24487.86339209314
28349.399665602366
28328.336495055606
33806.7789130021
23163.306213210144
20082.43364335376
10845.609431090039
11795.254415688603
13416.592348234266
10197.935535435292
11392.776957051265
15408.624687408605
11643.490005814921
13622.317945749539
13807.249905657765
11494.2069008836
11703.381465290437
12233.85046009822
13537.494100515261
11521.748114124515
12532.387355825778
11077.58912901196
11479.725905042365
11295.39159936813
10396.933403143008
11424.826982057308
16497.663074149285
18756.67144385231
33554.65668178591
20968.42783419239
11060.055414367689
24992.134630106517
21613.309092731928
12948.644105490099
21265.827047030947
12309.728927750883
18184.354343804796
11135.331130316503
12266.636651160008
9288.00631510221
8011.5250015206
7284.946847268926
7677.339235082142
9282.018430137412
8046.199037225204
6741.083978364397
7634.018205437845
8224.809638316301
6667.107044160969
10242.515616455801
8138.902134125599
6707.603988324974
14368.007547598365
35859.25828227105
35080.39666716248
35567.173584402844
15374.987438512891
16109.088037096992
15688.684796358382
17154.09216536297
21678.66926115966
16009.698533416255
14633.143961361104
15682.080511692799
15052.374232384316
19061.126806610784
15301.203195754992
15470.876066326258
15145.0752216705
17396.990408953166
16002.949026208069
17571.265987743587
28680.425786009673
35622.23151519059
14397.690663419115
14288.796410407509
15419.060344240246
14541.223780606073
15534.500741010152
13355.267701823397
16771.173404458583
16679.51839413165
14920.048955594135
16127.948890880138
15488.419605694276
15185.664918455097
15255.364525997247
15019.029409239656
15275.980719146975
15100.2079429407
16125.576532871946
17200.637497225307
15494.071764295904
13823.234989881148
25610.420773313745
14976.475069581275
14810.300124840529
14194.085562115903
15292.451347712018
16416.45855133223
15567.137221558618
15856.263538978095
24197.288856433162
29871.455964823846
20706.79243167516
17357.4986228247
38083.75562951503
37226.23152108794
16025.388776051548
13349.576786516673
12878.028569829356
14401.651098607093
14072.54277478235
14528.092306151697
28057.796586008302
22290.926352423514
13428.262283476608
15566.757177044468
16499.019426127164
15753.249856955927
16075.590201743415
15570.402976477473
15682.031054075744
16866.702387011195
17624.759025795436
16487.14402788568
17801.36638797834
15941.459174101905
30641.453297544766
14832.702151773095
14725.420062136376
16361.740705832626
15606.692066447247
14746.434913892514
14578.293673622573
14168.833212366679
4694.5368691647645
22483.403354628525
14329.1558042893
16745.200465432903
16468.257692652962
15124.154132999158
14260.434888000254
17414.00009603205
17077.690278045055
18134.601822014025
17652.363343715333
17170.97242898921
17636.689303481366
16144.273177193394
17700.38753247574
16113.965135971226
16057.289965253962
16107.775411139724
16574.809913717745
15685.475858171161
16275.170761325408
15660.145792540772
15870.062422184397
16981.330660082924
16413.257189368313
17287.708722238873
18973.42384827577
19756.772719594977
19517.95020283821
14115.480103400241
23317.66692518249
29567.614849298257
49891.469460884924
120559.79047479086
99684.23505611274
74138.63284371828
64991.94254239991
19628.342625357353
16995.269174021054
17754.1892295717
55531.41927791901
31361.03390172797
6509.593492726657
7973.06376821543
7678.4567045517015
8900.71745276185
7017.43652770402
9523.379934238905
13142.051841228587
11727.871924545545
8106.230110616874
6958.634940431407
10927.786485957216
7871.633515039801
8716.689650182449
7712.370663465977
7962.267398940381
9345.722904161044
8326.428744916884
8711.219707577286
8260.383116214307
12829.772615385333
14594.572579469497
19653.82232558341
10462.83886224628
8620.449158924152
8726.530575852521
12954.38047447727
1092.1175629057184
9423.806828369175
14354.478743256137
7626.240877004954
11406.79541747978
10756.816238705287
8324.612225947425
8201.50719267269
8843.771402080596
9245.825906884442
15474.88523598144
11358.97951305515
7100.291640962318
14224.427979738397
13468.062944528881
12253.809898485993
18893.90017862382
14726.513562657163
10887.792736604111
8552.87327996045
10048.845461232242
8457.28220564189
15135.574751141481
13628.085468554842
13847.721008108556
15565.657911961096
13927.603993025137
14547.409173002756
13332.008955370991
12069.568256776438
12812.122451839836
15990.615240727893
12678.467435262452
11226.508345945018
12050.518418607915
13612.814501109688
13051.530582357755
14611.948240152227
11178.147285238289
11574.974149043275
10504.471043631946
12676.095727227153
10612.836153935858
10386.474264764123
9371.91184972639
10333.391664719451
9310.642008853425
8195.019781965379
9192.053160195288
23683.102732257194
31063.439132088803
16776.652526439222
16950.35763950379
17761.0744717594
18356.14980966682
17279.743291524574
16257.435363967641
18156.16558121632
18311.342320279513
17744.906701754277
17972.57455627535
15744.00636121893
16227.64943596144
15328.160349157215
14809.43891178171
18690.464045695626
15410.487963160598
18709.037626823894
17654.871807634085
15635.698649157148
13965.849417639312
14222.77213169405
14429.401118550308
18769.224866215533
13905.272786617346
7355.53385973386
8005.327802514591
9022.004262231623
9020.258497873263
8557.668222230079
8694.774900410277
10026.437569881906
8206.39741881266
7988.304343654983
18633.839378403834
6870.562585911172
6164.259014933272
7007.7440594945565
8106.059741020003
10225.781933485272
9487.890409278614
7577.563734444676
8106.696868212233
6959.688957502377
8043.758790301583
7939.824343921451
8612.160433483941
12901.674539536752
8065.353287908169
6931.076191746658
6789.124772458783
8504.55711589547
8522.10595456715
13044.447822219765
12788.970981812683
18002.216339928906
22419.188883624414
23717.633185771258
27434.49754407232
36751.316143503296
38800.631525801946
46381.96915570095
51348.0706739585
63073.24007337945
68032.24673746174
78670.66116072325
89279.39743518997
99955.91890254886
116170.09610725366
132615.24869408723
138962.7901764925
159610.8737592389
169791.94326236707
183190.46506103716
199710.45436143593
224944.81535252515
243385.34946441784
259295.7114519576
282478.47547869285
294536.6550755716
309961.17028831114
344427.45869012765
342262.6957751356
367002.9565030354
417350.06453691726
422039.351054363
441988.9880243425
486228.08793466346
510765.32017120835
542507.3979916114
557030.6827105364
560892.6718064136
597324.1411411888
605617.832337965
608436.0875020782
635685.308108199
661434.2734214901
717813.8156391926
789482.6947753414
810041.3143628471
844391.0939873847
854801.7416455375
859596.0120197868
892631.2652116359
923387.3258652062
958221.1748790652
939894.0089535168
1084108.1530717018
1091836.7566623415
1169926.6104447143
1186189.7129440887
1205071.6728151378
1304336.7102549558
1333191.7261445844
1356788.6760174357
1396621.0307720306
1460191.1528580983
1462459.4992529105
1555972.6014936725
1630015.9679394837
1763752.6722525386
1647379.3941506597
1772221.5091176154
1640966.5870333891
1900420.988309023
1901071.8126518577
1935653.8538295089
2080026.322294572
2131339.7820357997
2194349.3044933006
2150446.7375745145
2216732.390786296
2273095.443752353
2331988.7254174473
2411061.4731168887
2555053.969616504
2586266.2876041345
2703696.0788513417
2701946.8637324064
2775677.1142739244
2838408.1489320165
2816845.123308878
2955719.629193033
2376359.568912924
3019626.6190173775
3208089.773352548
3233218.2526580156
3281910.1469265367
3275530.0477954904
3262707.22941996
3100975.807886638
2997317.965747828
3081938.8536886713
2833633.8040755996
2644515.65043696
2468206.066207878
2388941.589799489
2406088.8600295857
2162242.505739597
2009009.1391232372
1916916.8165354412
1553180.722299239
1737233.5609825277
1628473.5490919477
1660285.8608800445
1556019.5076048353
1368986.6277713063
1399436.9228548065
1261405.83561643
1320127.1999999837
1261465.720461727
1060175.256129808
1163581.8228898647
988800.8832086737
1066678.728590857
1004511.2945976787
901549.4687379178
854487.7442631964
786647.7891929038
803835.0550748043
745752.5462539843
652498.1526261236
632639.1990638823
583319.1195262597
488703.63249277516
440780.5467411379
384367.4348882571
371805.3275061576
351460.4745906946
380768.8083632133
356643.11839686066
297627.60077824484
274512.7720270313
281274.4708846975
2403748.246735006
3318773.4339253306
3169222.1167864706
3351642.0375984656
3471048.6809006957
3409910.9010075084
3286597.884043957
3285635.981139708
3387808.4867085703
3341286.8577245856
3477190.510226174
3471064.865322224
3384209.9719400737
3314328.407479173
2666311.2134693847
3298253.881390031
3375695.506467108
2959244.740056538
3177148.6953174532
3289935.021250113
3368213.9392147637
3324874.645646191
3220444.158776786
3324262.6368840165
3231129.1286750184
3251515.0147650903
3239143.473670641
3157362.53282445
3301365.7163749617
3368533.631336168
3258873.275836777
3327285.1528520663
3150838.8055376126
3264034.0343356244
3270434.261454337
3257243.281869433
3304946.6447366197
2999271.991412186
3198942.9933863194
3309231.800722861
3303802.52718942
3283676.72144922
3010413.518567074
3233344.8786353073
3357044.1819544863
3257314.4948190213
3258219.1100373813
3116063.4962945348
3170993.9705979894
3237980.4278217335
3261862.5337658064
3231483.1403262406
2529018.217759742
3204915.416612516
3385718.0314902333
3196793.9397379537
3294209.559586781
2955829.7273977716
3169432.5260398122
3376401.6157710846
3132623.0292479577
3259553.9835482044
2850655.091363129
3152686.8315822077
3278834.1955831414
3375180.998397147
3271440.518984579
3216955.0270759547
3247812.4241570234
3332235.799148267
3301854.7646631803
3311159.4076445345
3150583.084795269
3338318.238718015
3391818.07104679
3360351.430036718
3236476.011130099
3023249.1372615574
3013789.9377935072
3327214.202844241
3273300.4195577092
3436525.363470139
3030588.2975905393
3309350.790996455
3478233.240841121
3292718.9762224695
3235407.207049028
3013455.5129088787
3276664.8311956073
3369724.6914274246
3370983.6411721855
3226600.6880800333
3189955.043364492
3152786.927406498
3305187.8421790213
3252147.531561377
3304487.114073715
3021235.460063405
3211257.5359630627
3363274.020307404
3347550.9302551346
3235596.410464171
2997788.914643827
3137973.732259102
3104334.5070053134
3179928.188870939
3142340.6465726467
3023397.7990006
3137917.491577612
3150577.073862933
3251902.4132895307
3227003.265288957
2897146.448212354
3243631.9517968246
3279726.5536122946
3236915.088290162
3188212.1749608866
3025918.7426461484
3352190.4121692353
3194954.8379365536
3440301.448556105
3306123.24631158
3061735.1676014024
3267929.8710698844
3347771.891827471
3231284.541902711
3257916.8643210647
3163385.5147963166
3302978.7718608966
3257180.9730206635
3327710.199550925
3385282.496293993
3178836.3329415866
3182707.3513862854
3353992.8038565884
3276683.8023726433
3185635.989044932
2951745.7627103426
3288249.434673127
3279194.156461808
3273255.0200185664
3275509.7098213066
3060384.9551412594
3277537.7321879375
3328593.1654946217
3307096.4151502983
3352484.7481134026
3190248.877808764
3424938.8913716525
3266241.603735195
3263081.077868303
3367062.333910996
3144878.600466487
3350623.755578743
3382797.725677912
3314870.444979862
3284474.2519548647
3109123.2197259367
3323531.6010695323
3329803.5890845987
3521342.834665735
3316838.0029322477
2997912.5453379275
2580092.537729376
2881632.1888653645
3054381.221067412
3152459.011606304
3038464.7596665616
3148800.048217485
3243489.198132819
3131644.0196137633
3154639.320150633
3000202.745660351
3146727.4107659487
3074816.295642741
3204852.6133133564
3114416.683991362
2966402.1100418353
3021339.8676383523
3113147.968760043
3142403.4596512155
3175647.1723265853
2935824.4044467676
3094753.6784530096
3172366.045639248
3126506.493727063
3160499.3801902686
3006317.3536703023
3165824.835094371
3345904.1121317297
3323176.155356484
3172067.8495629705
3095778.125707325
3344139.1694157943
3131783.365700095
3176734.026462621
3215200.320912468
2694531.477199051
2967541.5072867344
3183073.414491561
3256657.783673646
3285158.1807197086
3014853.9958217805
3190332.418869213
3269849.7064039255
3142019.7697006967
3102630.5404517
3052118.582104704
3205231.764872072
3184604.402565682
3283233.5112056136
3324878.0474881507
3081541.6874859883
3311093.527057011
3194850.456498398
3319274.640969918
3191769.496961325
3017601.2157793064
3101469.797841153
3386884.425216868
3172007.903378814
3309815.9136485388
3032196.8791238577
2437419.7772182324
3285411.057168198
3232408.074393688
3206454.0274050864
3026763.2829330824
3344599.581314824
1076323.194434503
8203.97512099371
6775.998228622455
7387.3052634706955
6736.091004607104
7615.812254730937
7100.525871829763
7234.129153365385
7215.01721808326
6048.206921702311
6406.647362344523
8197.454636771121
7707.130493961867
6045.6400912121135
6593.735494778134
6615.953169884729
8416.159410720393
7049.472856195534
5371.589223180084
5620.030505217212
13458.900798006327
20887.413030373038
21914.704355105376
42822.02115042684
42507.082342111404
39142.68957967503
43954.18706433505
32843.99704273899
10674.412644418342
8540.445623143385
8705.559352816488
10978.667774559972
17847.225195336632
16784.29141144881
14422.335029788426
14921.007330693872
10955.334723858978
10987.40050088284
14768.791132314256
10383.240756899948
11071.461998309831
12628.227153806703
14874.001201275414
8220.14905907044
5938.1639964075675
6263.37133088694
6895.230291475869
8640.589734986072
6079.599654477161
5268.456952908103
7891.433471660014
7311.6210213131035
4900.858151567948
4844.29544453683
4818.437795280354
5537.807531841153
9589.070020703259
14466.831044644196
6207.600136203168
6884.4477640228715
5495.127622644796
6553.049170345139
5388.780648078018
5763.34455425922
6787.050888081661
9248.390651991953
24844.74588110548
7926.2968253337
9522.222263630569
18932.95684075948
14659.141536740668
14497.234653890298
13235.467489808116
11070.044276397526
15128.585855101275
7882.994658012184
9209.819461833471
18910.64258856846
20134.01272211889
13807.898998233959
8141.559516477007
11787.877965801088
14684.0868077285
10688.356825636198
7949.720822169778
15318.71492822775
21034.40902385917
7913.693209459457
11968.94148163083
9886.895829489269
8499.474158411998
6690.3563261236595
6877.447013529057
7155.981925041922
6181.14213226083
8034.3109602528975
7718.220162386542
8483.14371198223
9913.963298395702
8012.070082025576
12526.500896668462
9247.83667961375
8353.983227716488
7816.445626709093
12140.936359052801
12861.52592140334
11132.6221073713
11082.387125803842
17999.564470912374
20492.753221908435
20581.4070381668
14301.641398171365
19294.80661223532
20877.156308021677
15009.48245958181
13259.677646734492
12580.192279716626
8280.581751701335
8164.939701332574
8463.655068592992
6461.982853945528
6051.5603962855375
6704.758833216323
8631.590750628031
6651.9247216964095
6431.854552877082
8748.656222350855
6793.689028670406
7985.785638859689
7556.872389431647
6215.252970530041
7980.569634772856
8078.781729607912
12049.603930013925
6812.013805873571
5615.034048470962
5388.5160129526785
8449.401701260229
7808.365348251433
6505.654857871755
7518.10025735824
6727.305018787349
7042.121611072928
14954.842885456335
6459.904991468125
4887.24695502004
5363.6449275668465
6813.734550002483
11375.183710737152
7692.026100688187
13614.51752216102
7166.145018611117
6705.143938714646
6487.84338673999
6361.949986644296
6651.72747298212
5954.318355435844
5511.987768518277
7857.330711458719
8355.129446802728
7026.500441122589
5935.399680526442
7905.138605960961
9926.847556930772
9704.875415956512
8157.0064015082535
7471.2802901206705
6994.329381187624
6807.6106093034805
6977.080857213838
6616.759707316519
11252.151399436134
16359.76261629064
18304.7355397875
9248.697743273427
6606.402787158814
6002.091312548231
10988.170296352997
8033.942520010526
7172.178565108779
7957.5073799091615
8060.455752180099
7270.567796732085
7193.396073753878
5761.111121489315
6250.393639681265
8081.723734533557
8293.096764719836
7405.954671451293
7861.08548523125
10386.666245850318
16209.134038790962
15854.62161847201
12303.905097962412
14158.400643495112
15201.090718445059
29533.472590124722
64419.894905316934
122197.69894263241
138720.50267207372
131706.63597931125
85800.70033017233
69604.21076476465
11439.071219677713
8397.791893672214
7590.98796416926
6601.193086598583
8354.076714567225
7860.1019138035535
6356.4938363206165
10015.17934087919
6168.2686340009
6562.496026675375
6056.7021979941655
6277.000924486555
6809.5125656031505
7395.31955814135
6306.66599405367
6369.587140780261
6301.322130478717
8530.820842372086
9006.581106845495
6907.43306612061
10529.24778410599
16528.276102561296
15884.201642001663
15642.635768285638
14351.004228829699
8874.796697625658
9360.837648883473
6793.720202283551
9960.21619495875
13172.038514362537
16907.81904487418
13860.526915086895
13641.843521143614
17031.983180693165
10030.610931651414
8346.138894036523
6060.360496298636
10124.840420062483
17729.083196110798
14223.068906126173
17919.170674704117
16836.373320756462
12111.21028042478
6298.075815003804
6440.951115702755
7860.143832481354
9678.069406500099
11559.174862102494
9105.703738068109
22042.115584923475
8670.964813687544
7215.963561813693
7918.111327669912
7611.188959870192
17137.629731834488
34640.39393212589
48580.932783706434
30707.591390331338
25600.733206147735
7445.6696517144255
7574.816011572598
8676.982098581286
13290.719157869202
7814.525418002788
7520.413808595728
20783.773976957866
18024.132712100793
18808.054151009903
43454.730922131035
32721.23095381486
9575.242343445541
16343.43683136368
19824.67794478747
18132.777698104677
17139.668438033117
33247.58723632264
26871.573403388782
20179.693895932993
19671.784194536434
29417.841852599304
23026.614346327333
10153.24892534721
21538.633819072253
17859.849979425126
13212.639558162773
10474.35920274848
14090.89768433191
17435.570671555466
12057.339520929483
7932.861553772699
16726.048557374506
10544.21567948197
6955.169293432971
7472.55228679097
6481.99035090996
6043.464421197402
6914.817026355162
9858.295909368146
13829.984773996837
6000.430512651181
5803.022235318628
7679.522015491852
6772.4258960668185
6060.21105087108
6677.289186105722
7058.6913505334505
7610.3715045324625
8369.884380623269
11718.261401453548
10368.328976751238
11304.84418187576
18597.15400202557
64021.37791699185
18271.54245119293
9995.481750283394
8327.425078874234
8765.02421431446
20271.309673910488
8625.571685102295
18409.021454894406
16505.015947071155
19228.70034515826
19925.66490681825
18913.17350057741
10379.283224046865
10803.66624032674
12819.579570024789
7634.812679555537
20674.67273693792
7553.24197507843
6289.73214976904
7236.781224641119
6063.57604877027
5224.068092536052
5627.330928783481
7470.061569856219
5620.277458774678
6296.826044388675
8210.8984809023
5638.186668842804
13526.252592236697
33648.19008733379
14492.797164938718
17630.62965945403
13152.963857557928
12218.205523568755
10893.317301606116
6580.3995663572005
6725.390538656351
6708.874199436695
9111.371214787225
9245.480640451158
9906.367730911115
8541.897126776568
8723.834283931938
12032.488928448753
10023.521108591667
9656.43266135315
11696.123578175127
16902.943895143755
7442.419399047741
22653.788996489668
9749.577675316465
8676.7605908689
7996.196316500342
17211.25744851532
16660.70059708418
14243.770057273654
13153.292772786264
17470.864127857796
9894.769925652907
6185.337620573694
10487.926726704673
42823.93835842011
14829.006806259167
5873.646706541641
5774.661107524641
5365.890819250133
6994.1015836945
5870.588100365493
6967.836933791451
5661.2877521503515
7437.8318459923485
7591.97797951548
5911.823459121253
6113.311036593668
6991.7693851380445
5615.314883784888
10193.352392300723
9999.228009662911
11851.020826137445
5635.536914481408
6187.709546990031
11700.568399855474
6693.3444653111665
11415.58278981307
14532.058137772314
17545.984055958696
21186.960535730468
18340.123092744823
19616.39708857376
8666.716631052152
18300.101233438723
17071.13202808218
13051.697164118774
15705.378372930645
14704.297739908672
11759.720226264062
6275.519607461361
9502.182118033565
17945.068050158206
20745.406413375025
21873.101532984612
32619.253822426883
45470.53484855348
57419.399198601284
60524.55800492952
97784.24079569054
70449.53440473859
66925.2012730055
64598.390396218696
63809.74716062698
64928.875123007245
61234.76917189624
62665.59873276445
63665.168311275054
61025.66459123585
61303.82162014966
65068.16028630372
63889.0502886081
62972.271560944326
52241.8998093758
51037.7865469375
53436.65787219017
52396.723427560486
52454.37433399183
40625.912683190174
52865.3600598545
70140.70461425705
74617.53355629847
88091.32749069961
89236.49216740341
80218.7523881752
82669.21800648597
75058.01539066591
74742.44576396067
74141.3853684997
56899.75121599308
54858.14196131984
61528.46350744939
63890.07182658447
64457.78218527597
57817.628494863224
49408.55218802429
54881.34361166447
103045.68595681638
121433.34173953421
73434.8632072496
62933.34936521147
59037.26476182986
54377.43273388857
61179.077131949605
52150.181141307396
53770.17791742516
66233.10627585578
71960.63518083353
60264.96403999988
44437.96329078894
50880.783426348644
54419.01530316589
62151.04853536391
61556.75862885279
60261.63945254298
86424.94651040908
77142.42648580481
50490.12915014097
51362.94511137505
53348.90248910362
55771.86804100274
43188.82454638228
63126.025834661996
83842.14424464019
102593.54874524988
98246.33976899022
94340.35170088046
81260.40078793299
70986.69639917271
67877.51776054033
104350.99196965272
89815.82488402969
62330.43557891939
92659.23148719508
61434.37969619439
51467.67450715069
59181.48644132908
61112.192916089836
57465.641249440174
53040.967046891084
57645.54664082097
61152.91977375514
60443.59321422634
66033.46742428139
63402.73187165721
64815.33197257901
64076.96833735801
65346.081095290145
56405.39059478172
34547.19197550265
53749.14049500743
59009.608972778246
56691.100195087674
57860.14577775972
60334.05091283337
57501.909101761004
59723.72984750421
60890.650911917764
60081.39092723508
56243.08221490515
60489.07179714946
51204.05198778044
70302.11650038704
71607.862785407
49262.01884804477
50381.17350490181
49609.581932945825
55524.37706470765
56314.11118124565
59989.98356049781
57703.72966685424
56686.0398975798
48844.66038167115
58329.81918349266
59895.33676263751
60811.1391122336
60842.57809672645
60609.938613310704
59996.131305219635
57761.27759674959
55030.03206925909
53476.67674544134
50556.34688523616
54482.837904689935
52896.90412958723
39198.56082670844
50698.16291183797
54244.2710149094
53888.96149242684
54470.46059776084
52759.51834191939
54273.104428092665
51552.974821378935
53284.409908287664
49522.81344445661
52238.23183270981
51442.487266589684
35006.773724067425
43979.22364766035
44993.15801434552
37494.557396178985
25559.590778180886
43357.33926115238
47931.812582023835
59001.26625483373
49921.16816742656
51341.68577658927
53084.66731385314
59415.47839335595
52609.041639353905
55004.37421390946
51887.36568767996
52393.98950889591
52388.13273281279
51009.52114648034
51978.72680595821
54997.540204378834
52981.26295725354
52604.17843428661
53866.74031648516
53683.09855725264
50747.97148863706
54093.71328199864
51866.66108973675
69993.65907294552
71601.89290436142
45795.461116300205
21489.29030757291
6825.474696082789
23056.843462003337
36650.156832919194
32164.871410651733
38488.04539020935
31054.487492305077
11281.636540252452
42852.45758015176
37652.48155654412
28251.027768076987
33863.20548323906
