9.612251148545177
10.40216121495327
10.66548828988069
11.651215121512152
13.283852954862727
12.12133013780707
12.345956547978274
10.973587674247982
11.126727083642846
11.557878787878789
11.501599390708302
11.814764079147642
11.068209500609013
10.079336074310948
6.069078677496103
4.167584888689004
4.514299109235818
4.2719775499685015
4.288306222272779
4.194162792000448
5.980971366437115
10.723711039906787
11.137906032482599
10.495126993502659
10.99740671373001
10.007819287576021
9.696302816901408
9.872914183551847
10.397719070304605
10.864961332540155
12.047591660675772
12.194963922839051
11.627143272304563
10.987632765895533
11.30431654676259
10.559663865546218
9.641682713672049
9.300498387569627
9.946107784431138
10.544542772861357
10.571407163194964
10.940366972477063
10.071983580120216
8.790491192897036
8.9209726443769
8.480788602676643
10.990401919616076
9.91722659042173
8.590526781761842
7.490163726361214
7.952440084440581
9.238872592781533
8.210170340681362
7.385515122873346
7.592612829198995
7.249049223079431
8.577681295470548
8.805683836589697
8.456661522633745
9.803964159652457
8.810508796956729
7.617009572010122
8.687752808988764
8.362136036779441
8.338043094312964
7.802017791277934
9.172205781925792
10.798947849954255
8.504888189684234
7.752707401887729
7.257978215172941
7.397236779418771
7.530559292715741
7.513023345552769
7.976601229426929
8.21904665724096
8.238727349346819
9.252975495915987
9.7192337969037
9.504666754305244
9.907294240020803
8.732123008521675
10.054570602288445
10.177576767436324
9.300229095074457
8.720346715328468
7.875976331360946
9.883547451305429
10.9039780521262
11.183565891472869
10.977328058429702
12.010585305105852
11.724659606656582
11.751208083174696
9.63111560109684
10.417532562564027
11.562747107922098
10.917003140421714
10.643961493582264
11.62442905554737
10.432141819238593
9.705508474576272
9.701439905965325
10.0402247855664
11.485431319075643
12.235371755389354
13.433110616184113
10.502236329533977
10.184832756632064
10.043358468677495
9.956502700335717
10.069293876355113
8.71143711721977
9.199626865671641
10.519018583042973
12.34377286696912
10.945973348783314
11.112055307503962
11.582574199235967
11.583790811904073
10.911082288514194
12.141405214317277
10.63752329081267
10.821853741496598
11.139134149814868
10.8500495119536
11.566939687267311
11.45919123092875
12.516008935219658
13.28757396449704
12.098843168838776
11.921916202754176
11.238939328433492
11.137931034482758
11.637055109070035
11.277405919976202
10.397911832946635
10.75535739968359
10.791703312811492
9.910632650051614
10.292856107810461
10.472456062619997
11.516717325227964
10.878533568904594
10.692056421677803
7.70933014354067
9.678774617067834
9.330304806565065
8.957309941520467
5.36373965265379
4.250676742612226
4.069832715841473
4.469402649898944
3.72862599707898
3.480596680125617
6.1483104489239455
8.505992010652463
8.386587771203155
13.135215221459763
10.579135572139304
11.361416361416362
9.022879215569752
8.438498643352426
7.486045447613238
8.275777162203754
9.07981721249048
7.930051813471502
8.214119832791454
8.219668138224996
8.196245464584319
8.136982112826784
8.92919674397174
9.842904892130052
8.86553485576923
8.403220951234196
8.861635220125786
7.428736964078795
8.210904294298695
8.029561671763506
6.92549644876069
7.355093676814988
6.487730061349693
8.347374495095211
7.525777649769585
7.990279994197011
7.99843438656419
9.415939499709133
6.984530865982363
7.486482558139535
7.813745908955668
7.7568326192938395
8.147656940760388
7.626320980696069
8.521475929662728
8.063573151695756
8.571653768988249
7.416874176065622
8.229886665733874
7.686265969802555
5.930122341011793
3.560603861228045
6.469874232231646
7.817916545083163
7.1015389040701855
7.99203413940256
7.933609366076528
9.821843853820598
7.956750438340152
8.62217391304348
7.877474353417136
7.466385446875824
8.262700825010855
8.088863242931334
7.944508503891611
7.181113872240901
8.134603930911256
8.917475025336614
9.865607137878154
8.720431522168136
8.143511887711258
7.050950791116272
7.8137075165703
8.06742209631728
8.150715377135713
8.472408026755852
8.728426042102328
7.493624023035788
7.186036671368124
7.460622837370242
7.127038508976292
8.53289045199948
9.0353470437018
7.571082493943644
8.498767354353186
9.878316559926807
9.685563016528926
9.379407616361071
9.426586795819526
10.597510373443983
9.989153162571876
10.478951548848292
10.32077685088634
9.815140610422498
10.404900816802801
10.359738562091504
9.599582354476638
10.848165545258347
9.540361599185129
9.753651286028177
9.78626149131767
9.999027828411714
10.59559633027523
10.309725559630706
10.512084993359894
11.527534670795745
10.133942980096826
10.632929718346933
11.654365188653264
11.829907773386035
12.007544119628182
11.604952986359423
12.0295168762409
10.436474876334287
10.31600421163464
10.607775262947676
9.981901639344262
8.890992541594951
9.455918467583498
9.27833784116056
2.611720342437831
3.392550902168515
9.875138393406322
9.685839051777917
8.151130788560488
9.26007866273353
8.939874183401887
8.691188744485514
9.275580820563519
7.798685850232242
9.525619437094058
8.483341154387611
9.068280871670702
8.766729279173514
8.951452870304749
9.040205201622525
9.09452327899613
9.329162197592659
9.013140284706168
8.872904859520077
8.334170854271356
8.12463118139974
7.504001883239171
8.98206599713056
8.950424083144188
9.084314196492913
8.87037468000931
9.242225664244012
10.360906788858074
8.26836804760815
8.541172324679902
8.496712071395022
9.147822992051251
8.387818225077325
8.598324879084581
8.684755403868031
9.254451126046456
8.650799331901695
8.078298750429898
8.611999519057353
8.155268460353206
8.856260394392967
9.154646660212972
7.765282583621684
8.132626619552415
9.00155242417005
8.07461971493592
8.415729097727773
8.452395317967902
9.031362947417511
8.415812067731935
8.092148956356736
7.7594362159579555
8.392908138981438
7.724991078862852
8.198339150318931
8.1340206185567
8.890221737549982
8.217313646106216
7.437021326735007
7.193807752310092
8.535375118708451
8.239322357432593
9.647624633431086
8.692507068803016
9.433973447131342
8.734350594737474
7.4432628398791545
8.551810089020771
8.444231689803734
8.98670465337132
8.150759734093068
7.824919824207151
8.04353483970188
7.8540163255648885
7.991020114942529
8.50706231454006
8.875458308693082
7.773782859837322
9.380218986884852
8.663499227936809
8.164878731343284
8.135595224021753
8.162769051774287
7.912655144414801
8.56280027453672
7.6606472795497185
7.997047011575715
8.403999064546305
8.537524649112632
8.934812442817933
8.656347464479612
8.356099388188289
9.130122214234364
9.154846779237023
8.434412904839315
9.384538278411227
10.542076089695136
8.987029341392772
10.003545650246929
9.33914342629482
9.128294815740162
8.110730593607306
8.726556731479203
9.789676425269645
10.954601835772761
9.249120521172639
9.534227330779055
9.868047564250096
9.265051117001136
8.662029355456285
9.1725969854213
9.67279046673287
9.363097538976936
9.005270253707563
8.523962450592885
8.498417921782053
9.530918846411804
10.898571806400422
10.815302727877578
10.267461448749515
9.262498368359221
10.097171960863156
8.457793482528466
9.713228367649037
10.276410805028082
9.318885036009602
10.136892177589852
8.192005242463958
9.91297489154726
8.788320209973753
9.607066666666666
9.245925533324499
9.736
9.39761114797611
10.891257995735607
9.020719311962472
9.736980191525646
8.89127587110296
8.665794637017658
6.365895345779648
7.173946656358717
7.686547727568694
6.154652351738242
5.752939639404233
7.165589127853279
8.051506063372017
8.15780601659751
7.289264801561483
9.623083859332732
7.524127310061601
7.93243586487173
7.9060130718954245
7.671259089169537
7.90112183668145
8.025395244615959
8.791098074225227
8.962234461054289
9.846606512357788
10.439504280056216
10.578512396694215
11.075116159008777
10.216105492254513
10.510484178421654
10.25060118972282
9.535856079404466
10.503763301323644
9.686569032419577
9.725574712643677
10.943905906682177
9.938220551378446
9.957768108523164
9.173688100517369
8.870052083333333
8.870819346015168
11.30319563522993
9.502996352266806
8.965170278637771
9.775228749502718
10.056245048851334
8.743295019157088
8.753042795445623
9.568196344113511
8.530063694267517
8.97596656217346
8.476308253059099
8.212650368645711
10.169407674822837
8.739174993594672
6.76708489054992
7.483276270740058
6.712657880285557
6.244705560868971
2.90555221487272
6.422058633604546
7.698123544719901
7.767581592243616
8.863763112468463
11.340371167294244
7.900886162235856
8.59527082760517
8.18667943107221
6.942488578339156
7.860388269310202
6.771087605098996
8.082239597877688
8.737773013533431
9.280680600214362
7.24535010940919
8.149614812812542
7.903679653679654
2.421849082603925
8.031040042999194
8.61576901721266
8.406113537117903
6.546879221831937
6.31889338731444
6.4596500745965
7.1124595469255665
6.91602949208083
6.593720395182027
6.8354913452364725
6.143872351836953
7.430077764597337
6.890544639324806
7.748036736323706
8.212154393649056
6.900565885206144
6.903974813065722
9.029097704217833
7.03588840736728
6.917035249966492
6.431127253161152
6.873848238482385
6.66758811333794
8.915607097946067
7.121721027064538
6.823070607553366
7.929233706026725
7.5947792811261445
6.823554006968641
9.489600665557404
7.617743545856511
8.378681437449337
9.708093701781456
7.804076539101498
6.66597395400388
6.824378731084271
5.989944903581267
6.572949365360993
7.478481359649122
6.049486855054126
5.8059049384350585
8.73754973247359
7.238494318181818
7.7824290828972735
8.239302035729123
7.3405943256689525
7.769415532425941
7.0056912826207665
5.398732433177184
5.101163105220449
5.0374898125509375
5.587301587301587
6.049591434206818
7.328591160220994
7.9316286826014455
6.335867311679337
6.978894335511982
6.569295184926727
6.47305135096902
5.390499861916598
6.72647182212278
6.178199972264596
7.3732492997198875
6.399191374663073
7.980585179108559
7.008531718728499
6.626527287537334
7.0764989662301865
6.033834586466165
6.7356401384083044
6.667282546901649
7.131954151523623
6.03553938715545
7.52037398827798
7.210069208847877
6.751103143960287
6.0806339496732935
7.081452944413869
6.855509504073174
6.474608838869064
4.743794927437949
6.136531365313653
5.22290899526565
6.9097507532182965
5.804726536124241
6.075492046373686
6.011231448054553
6.208993288590604
6.1373481246698365
6.572835938526205
7.344454950695664
6.278125416056451
6.533333333333333
6.318342872717362
6.419961821652577
7.51088667366212
5.696418955304254
8.29342691321366
5.947953374898346
6.2099133261105095
7.529703634169237
6.777838279335693
6.434765522661777
7.035828449653703
6.0387607119314435
6.594880356149138
6.837227827934147
7.446854371547892
7.401851347672203
7.399459824442944
8.481683036899389
6.869782520599757
6.557293108220316
7.145824791581249
7.3642827268925135
8.11981945014362
8.656490576055216
8.535981499115767
8.577955531453362
8.700795899096182
7.632710280373832
9.075620002710394
7.979327820752201
8.492299229922992
7.741083771081007
5.022054287476866
7.280327428878153
6.080303852414541
6.322655083480385
7.322931881556234
6.478707584155739
6.298374200426439
6.651783319924913
7.2518878101402375
7.120899972892383
8.0077868852459
7.872647760402862
7.9296461976413175
6.306
6.205029545142229
6.382473816783773
7.067071560602059
6.0288588827111464
6.971684053651267
7.132749326145553
6.595083917008061
5.935213516030331
6.557897618395839
6.264403570462537
5.5587922319765894
6.259158009841443
5.557544417926279
8.331625084288603
6.757231684238984
6.930291005291005
6.942727757059137
6.398735047435721
7.697706171490989
5.9165665465224935
6.63656418033917
7.084522502744237
6.640361693382655
7.857861454440931
7.428193341691044
7.420636003821482
6.824503311258278
7.307123287671233
7.099218531956461
6.527067875790053
7.06688533941814
6.634860585680258
9.814096301465456
7.266564141996668
7.781576570765062
6.2246956093961385
5.955811362792425
6.581292042137327
7.259488866396761
6.025477707006369
7.165601023017903
5.445101464856874
6.153965785381026
6.619876403077311
6.403885220924327
6.481622618315919
2.420663103203379
5.136284936928024
5.610205886067955
6.258847320525784
6.131289405365311
6.819298245614035
6.71314939100174
6.735795454545454
8.326484975541579
7.64127352410415
6.6527621195039455
6.644408029496108
7.444184445973847
6.89910775566232
7.202326901248581
6.147545393409549
6.816883836983643
7.102713178294573
7.4883851105513575
6.656172669782788
4.971674019038774
2.878887419478691
2.676463718467767
2.9402074192261667
3.256349394730596
5.808674503445481
5.769252154573255
5.303462603878116
5.979875283446712
5.544016506189821
6.7786816269284715
7.156262805627646
8.154153464664555
7.534746922024624
7.569796255506608
7.9026374859708195
6.658881118881119
7.6415382479522425
7.266536148790379
7.172620708903154
6.87443578169881
6.776987447698745
6.9115953947368425
5.740589754042669
6.24975918535847
6.045692783228061
5.697684036393714
6.216513257315565
7.75030649775235
6.601272984441302
6.954171396140749
7.014871936105756
6.923744911804613
7.9705759888965995
8.070904306882703
5.851069628014716
6.426233941852603
6.997420931179585
6.578597172165234
7.3936068047743175
7.453213229362732
6.9
6.862559909782915
6.914273824386184
6.8278034439311215
6.5991176889141885
9.202715809893308
6.061822728535704
11.14524070021882
9.070648416977741
5.6330478032605695
6.0233260153677275
5.337978622649168
7.394993045897079
6.9482641252552755
6.660182288124065
6.30224676791766
5.471295855169128
6.76597212639713
6.523966488119764
9.083287895310797
7.022769056710508
7.116306795602067
8.43984085608451
7.502948841036895
7.428900949796472
6.993799090533278
6.891340093176213
6.608809721071527
6.4072143159081305
7.384495021337127
6.400085397096499
6.159668433211034
7.080577938316199
5.637261627109343
7.018922651933702
7.857544517338332
6.73762929829466
7.185210973402033
6.308258154059681
6.751743375174337
6.74286895411327
6.5424204178937035
7.846707249584948
7.735895339329518
7.8928278127566385
8.950054884742041
8.71889086190411
9.581222056631892
8.883872686110001
6.516250335750739
5.506609117885082
6.6473988439306355
6.73252670871412
5.514970889936235
6.479597388465724
7.386696416120485
6.2645836127128876
9.879376895505928
5.897861255826707
4.8392352228356
5.75370719870585
4.924339360222532
5.836016371077763
6.331696672122204
5.480250612912013
7.23827856455383
6.392449755567626
6.859794957051815
5.553406107503109
9.744374313940725
6.777059551643515
6.964565306963329
7.476978218913703
6.593229822352777
6.467873672747073
6.348064030647147
6.68029945930958
7.073459048691247
6.308841504821404
7.282404853833425
6.960137730101973
7.587626092804304
6.77786807530814
7.761658031088083
7.295635465275872
7.44154112784962
7.996772024209818
9.401039529476131
7.69705804399682
7.4471544715447155
7.5042601533655215
7.176270743499281
7.484355786309605
7.247777929714208
7.624571126946424
8.09054957043502
8.22973713033954
7.733062880324543
8.659513000412712
8.715597587719298
8.74678874009292
7.04269914601708
7.037255170524586
7.300121016538927
6.784114332829462
6.064405383136501
7.723607137992099
7.72243081629815
8.175236242356865
7.7014845526280595
6.615543045448304
6.71518226732541
7.3160663698907324
7.251940623723274
6.901950013732491
7.774583333333333
7.6238769398312005
7.932508143322476
7.966364270760642
10.502311667119935
12.890378766933923
8.806653359946774
7.917888165038002
9.958924672489083
10.02657627118644
10.110258107213765
8.63314332247557
7.764289678135405
6.790769627433286
8.111830326401321
7.129403701165182
7.219691709484794
6.650365754538066
7.338428242932504
7.608239409249903
7.130680325715787
8.031531531531531
7.4762942779291555
7.7100857492854225
6.543134569899166
8.154159316053738
7.61218080021849
7.087010651542399
8.05910996888949
7.726636143280366
8.061386681282544
7.515963203463204
7.303203817314246
7.6869970351545955
6.692708333333333
7.3250873890830865
8.69449306584085
6.99487594390507
6.5699791883454735
8.938953093133923
7.87971250339029
7.709989112683724
6.368584130405496
7.600081755007494
7.554912498277525
6.598945660989457
7.927432655305113
7.462576687116565
7.651084467196552
7.0462349601189675
8.261908087721748
8.208397052690115
8.90171850589405
8.562648414583043
9.065670414038935
8.873083828200524
9.209354747816286
9.14554122265844
9.384026574234547
9.54288554387958
10.104224185532855
10.613215608088863
10.461934585942936
10.55265410958904
10.621258314855876
10.63679245283019
10.95079255685734
11.761835818734617
12.593879811686513
13.559380142622052
14.502969457013574
13.41656050955414
14.021617852161786
14.360039287217623
12.569016462642464
14.48922474111391
15.061975377728036
15.603001557411865
15.189076757917338
15.794697390338701
16.19512538743308
15.684758155230597
15.72180663373324
16.11624630125405
16.39779681762546
15.200430488731325
14.649840334070253
15.546045503791982
14.621107677680056
12.594155512414428
11.234781811514484
11.90204189403274
12.617669852751227
13.87752808988764
14.56955727051178
16.6229601087942
17.914543655701213
18.25419420437214
17.919228020014295
17.809934949733886
18.143214936247723
17.53582036354996
18.365349764407394
19.092031568228105
18.921855618953114
20.093449889189856
19.33473612374886
17.994888378885875
17.017083946980854
16.135344394167923
17.927937043282743
19.23208031753444
19.72406811956651
19.899046289834846
19.90239135433433
20.147151542445396
21.354043273298682
21.251378043178686
18.14468208651892
17.22109158186864
18.57694581280788
20.42289398583659
24.2594879711823
26.240999864148893
25.162943143812708
25.519733260751224
26.561393489434607
27.106507268034235
27.610195747077878
24.966299416720673
27.61347926267281
27.565357192786244
27.577103448275864
27.34478168264111
28.381360697216756
28.739409141583053
29.264442867281762
28.694733877780905
25.615436972502042
29.967536071032185
30.039943938332165
30.896331964311003
28.715980365421327
31.863494318181818
29.54803881372147
29.435749472202673
27.71516058791508
29.31362935985432
30.113700966458214
29.090424038191518
28.308995002776236
28.178349349915205
27.975599611812004
27.040862980425775
27.511909855940665
24.177732518669384
23.065868263473053
23.230151164374234
24.4092039800995
23.539272165238163
23.152875952875952
21.603341757933165
22.129477713973202
21.940756013745705
21.54565547727587
21.79890156316012
19.77543956804652
19.422554918147476
19.251754139769858
17.953914566769978
17.58991843829389
17.98865018240778
17.694620466495888
16.488166071664683
16.210295291300877
16.556723255187283
15.98146419522603
14.860545084055017
14.99074441359249
15.528556178275954
14.907804232804233
13.436049649217486
14.32491559756921
13.901731094624497
13.421767874632714
13.493558580456977
12.459856630824373
11.402307137707282
12.198676308371123
22.263670231943276
25.356602882116704
25.396308360477743
24.426307817779332
25.54098750743605
26.56426408237432
25.985823207052658
24.640361928759592
24.607142857142858
25.025262429345947
26.83111317039268
25.49850161364684
26.252345441424104
24.4758933635848
21.699036738351253
25.078639990748236
24.495174632352942
22.66609996599796
23.41897810218978
24.32517052443252
25.652761991361672
24.181152790484905
24.543600967630457
24.05087225661227
23.639504783342712
24.145288406624786
23.798607146934582
24.365044247787612
23.352436169026646
24.347826086956523
25.060332871012484
24.41806096722439
23.812485888462408
25.210229938995777
26.57238358690641
26.141118652000937
26.05006286432735
25.807827883797252
25.3564518009092
27.211601208459214
26.40283619757241
25.917144906743186
25.556669519501163
26.3050378742335
26.12917461832061
26.579753086419753
26.97040143798682
27.022463679648396
26.397461673787383
26.183822602998614
28.401922129127648
26.888875394704883
25.59120050282841
27.132488341504246
27.887740384615384
28.073421439060205
25.476645692158762
25.85346606774311
25.252084822492257
25.23718887262079
27.923618975714106
27.061737432894095
25.788632986627043
26.28874010955569
26.895489277791473
25.529739997625548
25.622836538461538
26.36900279363537
25.195840346237077
26.413853245297123
26.32447451075139
27.078022114548393
25.536940298507464
26.104840732380236
26.326614363307183
26.72742036227358
26.568800677719956
26.022418807561802
27.26474872541879
29.118059830112028
26.265768451174438
26.407462501549524
24.849744711889134
26.696487578019827
26.314354936402182
24.602668475802805
25.33818678193607
24.50660742766006
24.590903948410453
25.821997935543067
24.202730976764673
23.988040684028167
23.816344561016013
22.723581637072325
23.5308936909545
23.563916391639165
23.814063185607722
21.62508122157245
22.606120004355876
25.396272195875152
27.497640396413402
25.026334519572952
24.301394351090455
26.14242318027807
23.664953526517223
24.218194254445965
24.27978687223671
22.949466035450843
24.591802546348
24.115547818518117
23.702007943512797
24.34335511982571
22.886256983240223
24.519426715933268
24.403187521193626
24.51374278927723
24.848640213999108
22.829527820882287
24.36650402814025
25.813324160073385
23.75626678603402
23.84761583445794
23.970064633178364
25.224542167269334
24.218958611481977
24.471311013414496
26.098263966169597
25.669921653230386
24.668787675820496
23.674702774108322
26.138236945536217
26.78789242714077
26.91326472916431
27.762887786875794
24.738701356958618
24.140032068412612
25.158184473654646
23.675968817082815
25.068610828529444
23.72987537891546
26.091483737501438
25.445383834967874
24.578100382624353
23.887867438429236
24.630638677981242
23.750366279725007
23.01353195360473
21.373637998518987
24.164045946247352
23.96880650994575
23.643099932019034
23.132913490222077
22.97605746209098
23.822191272051995
23.99011812812358
23.150534007869588
22.95232791267543
22.95812584880036
23.17102659925258
23.321467450468102
23.988046076939796
24.865423274514182
22.161151234235206
21.838905093111958
24.335462221260013
23.623478260869565
24.212922334357174
23.692367171103502
23.753087781208645
22.89102023608769
23.32041455252078
23.745373961218835
22.703794500106586
23.309580969009165
24.28676632226863
24.575113977538084
22.551302843550655
23.627425332461303
23.586243839725732
24.099193981730252
25.707801575851736
24.888547189819725
23.176221752198597
24.63706077601007
24.282673431123857
23.01662198391421
24.314520671397993
23.37280108254398
23.42100140586136
25.335108190778293
24.252289479562208
23.650661708410805
23.52150355570606
24.596521145975444
23.374373259052923
25.30181984662928
24.08491747296528
21.277844969763606
22.598842386464828
23.86509198273904
23.97340782122905
25.124569064582854
22.042888165038
23.463707394406068
26.083255269320844
23.520137961726746
23.450159709219076
23.59292827570773
23.347191261703077
23.816145438805325
24.093551620447712
23.80752064271368
22.916473829201102
23.21683867463335
23.414396232761522
24.017202608500114
25.17216928872147
24.273565004996115
27.44993706373727
27.987660887139665
28.888451012588945
28.489503498833724
28.42829698270991
25.14454565170245
27.29044036291215
26.385651239108295
24.38360290016732
24.160789205125297
24.522933746953246
15.810089686098655
6.984231423709586
5.73749719668087
5.785128485511208
6.391971533414878
5.7510719927781535
6.35977024190876
6.237474724780948
6.7840586048545815
7.76932340705058
7.142625043518626
6.035511491662911
7.44572186601813
7.186566325957543
5.68762677484787
5.839147956246402
5.403165530885909
5.198576037379019
5.643139771147471
7.051328846811908
5.084238198651274
5.09705719044975
6.391867937070685
4.795436575172258
4.659154929577465
5.998756921686066
6.075788518266394
5.293399339933994
2.763604809718607
5.688115487914056
4.521955440190353
4.899446494464945
5.729741425943957
5.58626619282357
6.126513815402705
7.0755064456721914
5.52628001812415
6.36908014571949
5.669252709640616
6.224326791419443
7.673447913012978
7.594110261385686
7.257119609438568
7.6769669327251995
6.236298188574082
6.903540759910599
4.7800315528510255
6.491274397244546
7.522713864306785
6.491769547325103
6.1716452205882355
5.935365574146229
6.384823529411765
5.2663465935070874
5.833598545123892
5.277615770442085
1.6464083705603587
3.225548994279387
7.163239223887533
5.883452061193507
6.197004991680532
6.372828561159698
6.9161386936988825
6.4740356937248125
6.478175970594992
7.371044950379451
7.598851517637407
7.58314725584675
5.644069727697391
6.571865084028675
5.630026500748934
5.237108602025375
5.808535584476492
5.737973506855682
5.208868144690782
5.0557787214507055
4.706633234556644
5.522057980978572
5.839580908032596
2.6776109958870884
2.1682611571930184
3.2488442610727244
2.3412773036308403
2.8124089424767647
6.0013023916646935
5.411841791756016
3.0563385424273406
3.7906754513906353
5.336214953271028
6.947906641000962
6.705396208070005
6.952224253503961
9.236269173676398
7.448853510752049
6.359249007100734
6.1576009501187645
4.915979631425801
5.803076177788543
5.642564473367076
4.77718613181872
6.237761392481566
6.314823529411765
6.3173264907135875
6.734480639213276
6.127561060307906
5.641399416909621
7.384833786821247
8.373565258549284
8.415508149568552
7.995035117461855
8.332928606119475
7.944827586206896
7.047408499140261
5.698163991156397
3.1096875132140895
7.68235153256705
6.777883246321784
7.057626705653021
7.021367002549472
7.490290676637318
7.100840336134453
7.821125
9.067076777475453
7.764530728918532
7.745685962550484
7.448776943569872
6.052988653643701
6.857125170236474
6.878851110838346
7.117062530295686
7.8322029934518245
7.97167678210163
6.680791646430306
6.7635361763296595
6.082746268656717
6.353800119688809
6.0224951361867705
5.709077740222115
6.0112332695984705
6.4978271366489615
7.2197058136819985
9.079843397793333
7.8088636094323975
7.495860620289139
6.442565597667638
6.574641148325359
5.676753292986828
5.588333135321373
6.430467535573359
5.724556489262372
7.311874105865522
4.846955128205129
4.6310772163965686
4.715337275250392
5.156809116809117
5.721552723059096
6.832476749877631
6.327937150339245
2.1177926689003352
6.375489236790607
5.8957705747680444
7.107575939488534
6.401066982809722
6.065455832055667
5.811051693404635
6.921174831669376
6.763092856302224
6.286783931542667
5.80749322159231
5.304326806864878
6.477435835056562
6.258477677482313
6.6433019904750275
6.0704242424242425
5.249421789409617
5.535772054249098
5.325908701505324
4.908270309831666
5.00075767142316
5.570039389463319
7.101933873986276
6.4548137218738475
6.605785524086178
5.196241152062485
5.583762724644966
4.909183673469387
5.378803117928086
5.8631979695431475
5.350808489135927
5.879493670886076
5.629711479435237
6.218243596445374
5.592771697632985
6.170099753854126
6.077621483375959
6.573213135866066
5.598780645998184
7.128760836308006
6.476141742356402
5.4182374541003675
5.709341692789969
5.006105006105006
5.083487028156892
5.193610842207163
6.1057775578374365
5.847449044182808
5.602079980190664
5.891317848714445
7.126685321801069
6.008461259518917
5.738855085061468
5.20557144633752
5.871602154578479
5.730400099713324
5.3190894060791045
5.793518748447976
6.449223721048613
5.442358242583552
7.814578819931184
5.419809523809524
5.248877485567672
6.08717753208794
7.181841077949881
5.784429631492894
6.390963932742909
5.059072270630446
5.448086032518243
6.489637305699482
7.255742725880551
6.779871744536056
7.1590665236051505
8.324957016267689
8.537571502860114
8.838229634381014
7.871258244545916
8.184397163120567
8.419445509135045
8.064663951120163
9.452459852153964
8.933889602053915
7.372034005836823
6.863003095975232
5.623411286222674
5.98221220092697
6.649684806381063
5.681523096129838
5.869938065745593
6.638055450056969
6.862955566650025
5.934203917629332
5.184506132989025
4.847402172490511
4.637933272750876
5.106824548001018
5.594870452761057
5.246254071661237
5.124059207225288
5.5329735421877055
5.383761011106856
5.231097324544397
5.050942435048396
5.349322077257611
4.581822635962763
4.930576824910669
5.837601338309098
4.6881918819188195
4.743055555555555
5.069615481276703
5.046783625730995
5.816091954022989
4.991621858196824
5.637706781159237
4.188981341401917
5.056092357886811
4.890904509952129
4.511665226515245
4.28261952191235
4.245521733684079
4.9053068410462775
4.48609041231992
4.476963091404508
5.711862276954008
6.97874213836478
7.966467958271237
6.979657653187795
5.065498272994755
4.860421604091306
4.984258909457247
4.858594730238394
5.65980914611476
4.8958744915746655
4.5778859527121005
4.818666049096804
5.090877437325905
4.93483563712394
4.6617833660168415
5.242080924855491
4.345643722844729
5.082003238491788
5.714567843866171
5.84609158186864
5.20131822386679
5.23970554405337
5.571279191355873
5.658194057567316
4.911893750741136
5.288519637462236
4.554627539503386
5.828373945641987
5.495744191396366
5.203200948429164
5.236598240469208
4.842492527017705
5.793631048637891
6.049860148364344
5.351113861386138
6.241744391227628
5.30267878497967
5.6399240446237835
5.779394508331378
6.38364122226095
6.560599024843278
5.681764843933349
5.917380236056468
5.905985874725021
6.627548656163114
5.440554671516254
5.450324976787372
5.893778452200303
6.708536151015077
5.081987862132142
5.522163527790537
6.256167199634536
7.388293487221764
7.529679326813737
7.225802698929734
7.455821445006903
5.675697769473316
4.6920605782469025
4.286816428409349
5.874884151992585
4.9920553853138125
5.586491513601488
5.945285615966965
7.4141778036025565
6.106240036438169
5.007883770694898
5.08889653590273
5.948204419889502
6.734903742676074
6.3319691634148665
5.674178946354618
6.3440848917839885
6.345245625131773
4.254435063086993
4.709350150808884
5.248380795723245
5.071881606765328
4.357094299310479
4.861234478383032
4.441748024174802
3.895067606170253
4.450752524290341
4.578895849647612
4.448755124487551
4.754557357236378
4.6784230262491135
4.96867104598282
5.246475995914198
4.970916372651855
4.30724160029296
3.781883079297704
4.0436094616957075
4.716571765167878
4.666139975834185
5.04646633277685
4.879548306148055
5.336656696576936
5.3266025335746265
4.926513606949738
5.0077796655638025
5.463758516275549
6.943175273564984
5.951840849761455
5.3131507568466185
5.946560067325899
5.594989081714745
5.332604442398435
5.132492836676218
5.819600725952813
6.880730430340953
7.562094050402702
7.227467286290816
6.078081498354847
7.111932815241915
6.758835241413639
6.272402757262432
5.339917093391856
5.453595421746703
6.693321726153464
5.75996951993904
6.465866466616654
6.377542108546475
6.130818226359628
6.372051677136423
6.780191333708498
6.121283071880121
6.796070224392513
5.982496545370797
6.072894038136616
6.370356612184249
5.162414131501472
5.142963978561635
5.609848950018421
4.713668728843236
4.705358150028201
3.9614581157301023
5.384947703501592
4.339626933575978
6.206849000229832
4.97773759746864
5.196976637654604
4.951736111111111
4.964959873403414
4.87593423019432
5.274001324210991
4.9237136465324385
6.112384259259259
4.546397761716018
5.61079379881105
6.015271625087433
4.50548937164214
4.583040935672515
4.651509851929579
4.671733580877234
5.651013874066169
5.962660443407234
7.491207082186865
7.501463634316595
6.589122846526292
6.994855967078189
6.334916327453641
6.50591478121052
5.887531399862983
6.692840388696526
8.01393967093236
7.273134662782882
7.723980349594425
6.85693215339233
7.846198423736671
8.012646993565564
7.290366972477064
6.927966101694915
6.592456199084924
6.950999209664672
7.93110908676839
8.195536778247211
6.61180861893451
6.038120567375887
6.380640142253834
6.637100456621004
6.72309593349809
5.40654617588715
5.818060794319947
6.397128113080547
6.057015092230296
5.700802991970081
6.533453075886843
6.044205765969474
6.3231092902225665
6.166494904385663
5.099045480067378
4.8738907052779075
4.949983025913772
4.979963150621833
5.277692216562019
5.013028940389715
5.161898033674791
6.434151522303517
6.547019557325214
7.0214454976303315
6.853991958644457
6.842068072076316
6.490283493369913
6.0383360522022835
5.980833237690807
6.6769686204854946
5.892897662809167
4.325435959110042
5.0341490476484
9.115133876600698
7.656224807094322
6.730343691148776
8.170685801670391
7.437849560552448
7.2525005815305885
8.771727625543926
9.015513126491646
9.1141499594391
7.696024674434544
6.345616570327553
6.310183561323512
5.424684048730502
5.019337656322372
4.694332437275985
5.091577162238553
4.947472527472527
4.584778320008306
5.020206555904805
5.80829950383401
4.936564586691227
6.007229451673896
5.402912621359223
5.894667688601774
5.155419446571147
4.522280253361485
4.744354210701969
5.1151921764839665
4.769023569023569
6.827333333333334
5.486636466591166
5.836924526080302
5.39915611814346
5.545280992721632
6.257695482957896
5.944156456173421
4.999754781755763
5.222409435551811
4.666508030933968
5.2730173738328805
6.442964883337261
7.019249512670565
5.812047907031898
5.120241191771104
5.190360272638753
5.528943560057887
5.8819905213270145
6.5000605400169515
6.3919100574361485
5.426883132386296
5.695190866105409
5.8752983293556085
5.515402567094516
5.707994662137572
5.505332534451767
5.687986585219787
5.8393049730377475
5.6521167184884
7.52616946694065
6.075631297425053
5.741832386363637
6.142857142857143
6.2967845263028215
4.69851869839728
5.624893952248212
5.3883377691749335
5.315950170981925
6.479110676765209
5.482576037433813
5.806112224448897
6.109841503870254
7.224819001651213
7.10653602877341
7.437225084830966
7.988422948289169
7.930982932602467
7.185858334370721
6.598646277262472
6.40326369143281
6.221762048192771
6.108793208004851
6.484918231374924
7.0743627814897305
6.4639786899140335
6.218606384300087
6.774816625916871
6.116911764705883
5.946608777282328
6.398136133065943
5.863166268894193
7.194978191677473
6.168402976531197
6.9928101389227395
7.527827222024445
6.993724840161023
7.02895638813379
6.994808872109486
5.911695906432748
6.402665731322343
6.283919895722242
6.986778846153846
6.853775853775854
6.665477040209375
7.683235867446394
6.371387283236994
7.081568168519602
5.838247785462929
5.762748384007661
6.022622834924001
6.059728183118741
6.121790341578327
5.443279083785413
5.703439803439803
6.576303543729865
7.199497367161321
7.057294117647059
6.879003130267277
6.2965943550268255
8.793082670523017
8.127925117004681
7.487099483979359
9.19249106078665
8.611656294877932
7.533004095398699
7.728292329956584
7.381636100386101
7.354077253218884
7.219847881202463
6.359209080922739
6.745046235138705
8.095489443378119
6.8972015990862365
7.044522144522144
6.50988330554894
6.851414824149387
5.840405599030089
4.846336231229536
5.912490488096532
6.511022727272727
5.91728813559322
5.308186551456741
5.883647798742138
5.252799457074992
5.379822968679074
5.990416428978893
6.051606849636406
5.4587166382737085
6.8282793867120954
6.228584569391744
5.9051825677267376
5.660838761284425
5.625505371375765
6.262911347933013
5.438959537572254
5.294313230910341
6.059645105895822
7.7824787307426995
5.035813953488372
5.809446254071661
5.202975318381607
5.332575585360309
5.952042628774422
5.388226198365364
6.972873984205105
5.416108119986815
5.622863123619026
5.826189672629092
6.255735805330243
4.957835943489212
5.1163511187607575
5.572257624032772
5.511662474273954
6.066790352504638
5.271866295264624
5.745529573590097
6.232159194876487
5.307611731843576
5.858043427504086
6.025761392260133
5.944559228650138
4.870694587481405
5.068146675502541
5.5173327191062995
5.017865483418963
4.876965140123035
4.412171811490717
5.141734104046243
4.391221800312709
4.739972177138882
4.984931666861348
5.518227386648439
5.763796411240266
6.299377736805716
5.8442819604706955
6.337700315826412
5.836059827062398
6.37315668202765
6.185211185211185
6.411141804788214
7.009035097880227
6.995140013885675
6.379778903730999
7.054660529344074
6.653313322558301
7.193650052527139
4.632550143266475
5.412713035467527
5.820914430496372
5.933209647495362
5.7208014142604595
5.625273838348899
6.551107426270283
6.038610478359909
5.78659793814433
5.9134473773649034
6.13602562635854
6.8286497601096645
6.44157369348209
7.069689239332097
6.220723339923247
7.394676897254526
7.770442783208741
8.581237799977036
8.08425541724297
8.789922656960874
6.249190938511327
5.972241419027874
5.122861934041364
5.155051261375418
6.121857986794857
6.1523423530814165
6.47003374839986
6.5879803186504216
6.095609642482823
6.050097443540066
5.980973952434881
6.650793650793651
6.127550438846461
5.677968090098545
5.555066589461494
6.880341880341881
7.032990867579909
7.254348079841251
6.177860987596536
6.200184608284297
6.661246929465435
6.314823585129055
5.375230414746544
5.719972856819724
4.672860294971548
4.785512367491166
5.180233891309332
5.362179848809658
6.489553602009361
6.241933605125219
5.945924316908655
6.5896698493040375
5.155293584221265
5.0101660454083365
5.437339556592765
6.194215330473991
7.596098014167925
8.080778645529781
5.530352556619192
7.644952700275416
7.0303982052720135
7.131597222222222
6.8622394913458145
7.943042452830189
7.033516357812857
7.553791495503497
5.7492482072634745
7.553485080787829
5.544384162530301
6.325139794967381
6.12749914315092
6.222450142450143
6.340102681118084
6.783600138201082
6.49820345834269
5.893626471241395
5.50386012715713
5.677556654779708
5.8856359649122805
5.979445015416238
5.570074922873513
5.988562278394144
7.140094393921952
7.470686954575968
7.574506486181613
7.449019382956761
6.327664273881833
6.120387742338962
4.26587012987013
4.824366110080396
5.352872957301002
5.9040818206947385
5.360161546228184
5.589347826086956
5.020007249003262
6.189903625516292
6.092980561555075
6.393637740748756
6.609506159380792
6.415701415701416
6.057114988620353
5.436003390548845
4.983829236739974
5.764547122962323
6.009603841536615
5.757636826474331
5.520086974528888
5.380758807588076
5.332009872303895
5.162568885120814
5.721476510067114
5.474365778579768
5.175266524520256
6.090763138178315
5.6357430964939494
5.474736842105263
5.089332358165291
5.209512095120951
4.773666666666666
5.485084448343935
5.654026882307945
5.019311875693674
6.070689655172414
5.894885438158323
7.015535656489373
6.5612311722331365
7.616237751695919
7.4424596358639645
7.121152052238806
6.843564582382474
6.086836027713626
4.898759363295881
5.499942216572287
6.302298311444653
5.6934812760055475
5.443531345386241
5.261842255450291
5.812925942753294
6.038391224862888
6.920037629350894
6.426497909893173
6.782235294117647
6.616757000903342
5.7893883225208524
5.764940706821651
4.9781439523973
5.237593984962406
5.148756506651243
7.079594452860972
6.2203058525928485
6.353100950656406
6.888662362668479
9.098125433927331
6.525292279198982
6.0957409362900385
9.401166861143524
9.72086031452359
6.692911540714704
6.734104721832632
9.928901734104047
10.08324649762649
6.715812456906458
6.374288039056143
8.225369881867186
10.216907808202798
9.72448370538379
10.01187703772706
9.64682681964862
9.951850036755697
9.322817229336438
8.781042195623263
9.511113752525853
9.260939036381513
8.582289259214207
7.802751166789487
6.053021111380732
6.941079034548036
6.010839483394834
6.6077662985393655
6.677454024361118
6.55882005899705
5.55340160936357
5.863907486305538
6.54962962962963
6.84514619883041
8.483120868744098
6.033397405093705
6.462449627549152
8.119206880076446
8.797436511739338
7.1688818436776005
5.330813807004283
8.446542422756252
8.832395950506188
7.002205071664829
6.952363367799114
6.857469802924348
6.676008968609866
4.973091440399367
6.239304478358769
6.157379891035166
7.052338530066815
5.174329025844931
5.849236408063531
5.2890093269473155
5.019075568598679
5.2398510242085665
5.6528415961305924
5.804565980933266
6.4113771696439885
6.797060624617269
9.114976339685382
7.22019158053945
5.838010703563503
5.993020067306494
5.754154947583738
5.39938120407374
5.512873592961573
5.586664979757085
6.103193146417445
6.843488493723849
7.2977313280652565
7.5465910555483955
7.50526183913806
7.459204750839143
6.757634575569358
5.812920421373271
6.7280978689818465
6.639677134569302
6.688980819857089
5.998236997859212
5.408009211873081
5.317638075846271
6.0316639333922035
5.827067669172933
5.783035489554493
6.341710427606902
5.185272536687631
5.363892085411073
5.244942662028089
5.047785096215937
6.103058339758417
5.4461699073469925
5.680302845280254
5.4473650135957525
5.092647247529834
6.596232701178883
5.989615913924684
7.858688651294603
7.49955133957185
8.475564152159897
11.389506953223767
8.976503284487114
8.13881845841785
8.797764491811801
9.806414515716842
11.659795118249653
11.519320539419088
8.992804847260793
8.059750065087217
8.601484514973125
9.990845796802475
10.572525812138
8.509200907486766
6.527749096541043
6.584191129749651
7.280542986425339
6.54696132596685
5.986730095142714
6.400638162093172
6.285384319260875
6.055869428750785
5.053445113963846
5.9496074955684985
5.994622311155577
6.628809218950064
6.444675594851125
6.507524115755627
7.5321866041178005
6.232503888024883
7.293237102379043
5.43758819756254
5.649446494464945
5.402524726704841
8.115581182020705
8.904897273549555
7.676240543659444
8.036697247706423
7.87992376111817
7.72318717356978
8.756188277542645
7.221484081223364
7.1567567567567565
6.828927104722792
6.850142597873996
6.1734939759036145
7.528119842579662
7.638960370560988
6.892564070193157
8.426108374384237
9.030638189677092
7.783413038006544
8.740484429065743
6.985198649701376
5.116554054054054
8.13517765831913
9.590144546649146
9.038641834536932
9.099551569506726
8.162064047711656
7.886553006024869
7.489913544668588
8.159401431359791
8.529381901256505
6.687291399229782
7.768930014335983
9.654059635988125
9.462765957446809
6.614743526143466
6.1779497098646035
8.297012987012987
6.647691082802548
6.089899118886477
8.315080906148868
9.559326391567039
7.485265480981436
6.41961679989849
6.46446536824455
7.179237844940867
6.596674957455164
5.8214847848898215
5.996337954486005
6.79764705882353
6.9093333333333335
7.212409592691283
7.657532484240319
6.727694817417492
6.174018667689554
5.329658653207598
5.894947874899759
6.393766163059753
5.651137740675912
5.53782167923057
5.852351683591662
5.175371155885472
6.83715565205591
7.082175775671816
6.279116198589112
6.558344459279039
6.629989356040447
8.187216439818522
9.450109649122806
9.304120952635804
9.36121777290181
8.267307952851917
9.664542622486548
8.080319596299411
8.392735682220106
8.17032422483364
8.666473904872054
8.97483407079646
9.274331550802138
9.03128054740958
10.072057205720572
9.462865819988956
9.804918258002473
8.935266918873475
8.775617883921132
7.489555955180523
8.628324745857123
8.849115504682622
8.790431545567351
8.493248945147679
8.012918460897346
6.7056567593480345
7.486032004339571
7.217855137563166
6.738885065381968
6.229585639087596
8.115154049909382
7.108628762541806
7.158514013749339
6.442544094067344
6.902192923449482
6.75048275862069
6.493844238483884
6.563064886011062
5.747605557803858
6.09069703622393
6.76295176583757
6.48350718917395
7.0875644854737985
6.6098691384950925
6.818948213568848
7.418348879298343
7.672156315422191
8.602670663578143
6.667591858313508
6.498843380051707
8.597922645893126
7.8881434830230015
7.024148690815357
7.252680146559913
6.759082986995576
7.625495828204076
6.1545157780195865
6.654294229206177
5.510844671965512
5.518783542039356
5.007682809713266
5.754146602461209
6.022736500203004
5.8625438833378345
5.024551463644948
5.41301711359655
5.996034459182278
5.238625429553265
6.2303104242917176
5.902344790833999
5.230569594317716
6.820957095709571
8.648670645686382
7.8165284835517514
8.308972797401543
7.171627782247251
7.435107249524844
7.132673804038488
6.926980198019802
8.138744173293118
7.437666135034556
6.573482428115016
7.125915080527086
5.908464965573106
7.771865691849445
6.923851565733204
6.292179967862881
6.128131808278867
7.1154271495714685
6.959504023215935
6.5695097380792475
7.020844761382337
7.923481072342718
6.105176663927691
6.116888406190606
6.809761359040043
6.649499666444296
7.184880854560395
6.481405523653268
7.034071789119461
6.705796717840127
6.405195865070729
7.479455745655395
6.5525841762505195
6.589588210990222
6.818278710365042
6.494684430090163
6.692265345444536
6.358175006689859
7.252420470262794
8.079788675155784
7.157807766455522
6.3574826695664
6.929951373373637
6.468944528980495
6.769383697813121
6.205148833467417
7.307501720578114
6.212587045066352
6.510212363046125
6.913504090116669
7.764847625797307
8.593215739484396
7.101427600271924
7.1755354977771795
9.058196721311475
8.352242559731732
7.57154384077461
5.686573041081507
6.3362613230853695
6.230582850989366
6.392767915844839
6.547923107944616
7.6386288546255505
6.8632
6.208144192256341
7.528932355338223
7.300258961428376
7.185827618663439
7.2470938091376045
6.941102930962634
7.085733603786342
7.259124087591241
7.481244903506387
7.495411568409343
7.207749272679186
7.11572498298162
9.05042735042735
7.069016349504154
6.52291974727786
7.087752610877526
7.5320356853203565
6.753789929615593
6.612415876939981
6.233597594313832
4.817767653758542
8.20593220338983
6.74112446470507
7.507700695106992
6.974233983286908
6.601737477942175
5.961781688204564
7.132197891321979
7.457561515067736
7.466296928327645
7.689885496183206
7.489770179372197
7.054426408402674
6.754920986969781
7.513645906228132
6.806940509915014
6.901155506055965
6.980442176870748
7.1501518078940105
6.947567114093959
7.3157308067437645
6.563099943534726
6.939848569826136
6.7894295302013425
6.783344996501049
7.230116048683838
7.305325277504567
7.654006099251456
7.416333838314282
6.234754827059314
8.12661971830986
8.534696659850034
10.039015522304572
12.83775852431526
11.325154215215901
10.505067808708066
9.371220604703247
8.014685117198532
6.906336817039291
7.0131433314886555
9.533399377299745
8.421783010933558
4.9102581803120255
5.617960212944802
5.722551315608211
5.769861111111111
5.095640138408305
5.903194444444445
6.48970792767733
6.2855770550295045
5.797070228349849
5.707252440725244
5.690700532568619
5.384031487208322
5.833632969160559
5.626490809597306
5.546088411658067
6.238769061684297
5.60528813559322
5.788090349075976
5.824396406513195
6.884604754007739
6.891566265060241
6.941816275717469
5.676365140650855
5.52483164983165
5.566671160846703
7.062032990272099
4.283819442495017
6.135463000404367
6.67321901575352
5.078120805369127
6.00677877721288
6.954146999325691
5.571561091969255
5.9414488017429194
5.404409750753218
5.8099636160089565
6.473877551020408
7.438191632928475
5.010639787204256
6.565883977900553
6.244350667029676
5.819603045133225
7.111322291610101
5.588755785461475
5.82338545207342
6.04389102916896
6.4062958516740025
6.2748091603053435
6.652215275890187
6.718612334801762
6.86161494021228
7.74993111049876
7.260570039173308
6.944177753394596
7.216012084592145
7.048050521691378
6.671821068617976
7.265760869565217
7.017829781306589
6.417157275021026
6.543790672451193
7.042209185863499
6.936055363321799
7.202255109231854
6.646968641114983
6.268522423731197
6.150856665273715
6.83468438538206
6.398824172819251
6.406079282812719
6.586277173913044
6.1679170645205295
6.330165625848493
6.044139617003939
6.38798329516368
8.249965436195216
8.426305970149254
6.915802571547076
6.944890768146582
7.624810892586989
7.717400246812011
6.692738192738193
6.517559815307122
7.862242199894236
7.6482606294864715
7.368773545416492
7.6339410939691446
6.510068027210885
6.532446375237578
6.262292836597727
6.477189159743974
7.2856946354883085
6.510321715817694
7.33594933223186
7.669421487603306
6.854946251190638
6.58794701986755
6.041195476575121
6.367897918065816
7.849959666577037
6.279322213396876
5.816059757236228
5.712259894289029
5.890026595744681
6.229362731917182
5.980585142240798
6.040914560770156
6.543405340131491
6.15555853560413
5.674080064698747
6.162359178263751
5.20615796519411
5.138044914134743
5.541512915129151
5.501769188894937
6.335525432827809
6.030707793996144
5.31101453212006
5.6147362697118
5.362623930463126
5.888934764657308
5.413458875657713
5.899403470715835
6.728262367369436
6.171653971708379
5.211682892906815
5.209818426361802
6.196773303916161
5.851652892561983
7.003048358043508
6.447142272541263
7.396203554119547
7.242292543800081
6.735517328611182
6.812586882345507
7.447039720209843
7.708482528707248
8.017468895312303
7.789748820604361
8.7454293279536
7.621822300528568
7.485071782492695
8.73888036809816
8.498881431767337
8.583078989134416
9.93012263668881
9.607944514501892
9.728592889334001
9.81800959838343
10.217895400126023
9.988194786030498
12.105203619909503
11.301959805267757
12.04210004952947
11.986561866125761
12.066821402394332
12.027119472269728
12.070609227631914
12.231482611348383
12.001592746875765
12.63294834369844
12.666221952698605
13.015053237057888
13.77945770336124
14.928624351691775
13.869081468661145
14.0184812672869
13.869842047263377
14.107899074426271
13.968776269965174
14.101589170100059
14.335988586374985
14.002957233848953
14.627503183238801
14.965461476261984
15.472065143632662
15.691042047531992
15.410179983950476
15.358335213173923
15.671934043284095
14.901234567901234
16.27505932873771
16.044728434504794
16.537811286269132
15.740470032609919
16.875399361022364
17.692351146763077
17.418778280542988
17.64103444330015
17.983138334480387
18.266970907016542
17.43517359134889
18.826042143838755
17.77186440677966
18.078492036209465
19.073058837022593
21.36121716996413
19.226509507394642
19.89570127924398
19.01851000229938
19.801141552511414
20.770499312872193
20.298395356777057
23.246110982122126
22.020338208409505
23.02961378223173
22.870989083691697
23.13435976960567
23.53542100076645
23.60810362005978
24.27636120699254
24.835895721925134
24.9011751538892
25.507956212617085
24.791392904073586
24.263291698905714
24.301960784313724
24.84593962348223
24.82179203539823
23.685779036827196
25.057349239356462
25.607976433265353
26.883282191158084
27.168178725334542
26.48466393533385
25.738435940099833
25.15428446197677
26.38075961423979
26.752531871797927
23.88763557483731
23.336936936936937
21.889270475595797
21.656414024774303
24.20850048791066
22.498041706361807
20.972667978051557
21.11350834307578
19.735408152572568
20.062816722972972
19.627662890990337
19.54241460662632
18.804383282364935
18.848425196850393
18.370525873832268
17.671346853874155
18.038026398491514
17.799045006603677
17.422848664688427
18.41945996275605
18.18959750893784
19.862715416860738
18.858735618550586
17.339396730370712
17.310579404175463
17.30922431865828
16.588593767965964
16.476229034123772
15.991803278688524
16.002555168408826
14.135635690162328
13.822366943633506
13.983563218390804
13.097100782328578
13.206549409858829
13.009821115398106
13.510107971513898
13.060400407193756
12.771693630501188
11.792332268370608
13.313486122307959
24.006951685783804
28.367828106852496
26.696639118457302
27.35582962201667
28.377467785790284
27.779159821638114
27.347806267806266
27.811874272409778
28.004615739672282
27.17229427549195
27.145970252507784
27.21998612074948
27.420154313771334
27.046672828096117
25.278258834542477
27.034228419960815
28.23022515619474
25.14105736782902
25.45758183032732
26.245093616061357
26.25855556827286
26.627412906910337
26.256786164242357
27.32765507518797
26.44376208347549
26.67807027716572
25.83558926487748
27.27305127615544
27.532673267326732
26.83948617058211
25.451544076361596
26.77864974033468
26.64666209419296
26.893190459730384
27.189145682419223
26.265674693321216
25.771213503649633
26.55176349731766
26.67485970819304
27.200274035167848
25.910674157303372
24.983152419719584
26.75148334094021
26.72888888888889
27.01104531997267
26.142406489409645
26.681339605734767
25.6273997500852
25.351053159478436
25.710419941612397
25.361423859888546
25.6114001357159
24.795728243581003
25.313628715647784
28.209193793022983
24.77492463994641
26.045699232619402
25.4248417721519
27.05802163136548
29.738269276114124
25.850683847631966
25.78119223659889
24.603987969254764
25.96401644962303
27.635099107453343
27.401591895803183
27.39515652687537
27.24555928948632
27.098525073746313
27.427183315558715
27.179547875488222
28.032120421950932
26.450626033545948
28.10704898446834
28.496609161213563
28.70332541567696
27.590100631874563
26.399881936245574
27.50066658586838
28.186406380192835
27.268366869443145
28.157457212713936
27.22101322101322
28.82925387253163
29.67122630189585
28.398444753946148
28.006296641791046
26.344846921610408
27.24254587155963
28.38400860523485
27.288418313024962
26.8495767558911
26.505677162589254
26.005907267053054
26.335915818686402
26.898638426626324
28.040451552210726
27.559530791788855
28.161039563754496
28.489839572192512
27.673755550362234
27.100835460663728
26.175634754251107
27.378156126940006
27.00898928200991
26.60593807763401
25.53
24.918180766115032
24.98226991718185
25.01368287915373
26.061757719714965
25.375947742913798
23.97599451303155
25.146719066333215
25.18410626893498
25.707616128271635
24.943072463768114
25.12418145017264
26.48111598440546
25.174907578558226
27.415794597225602
26.08279569892473
24.87601554221123
26.65609106321143
26.294795627376427
25.93245955838942
25.29470856208387
24.584943927463613
25.788164973102212
25.885791897956775
25.937776714131864
26.328536880290205
25.341403766202006
24.499241628748106
27.120966767371602
26.060674693050423
26.049216740706104
24.241321722533698
26.278602726387536
25.836294264933827
25.573550380228138
25.699542939619917
25.39318479685452
25.627357335292675
25.449867756672276
25.792992047713717
25.413590089537593
24.518641157714004
26.533250773993807
24.773056494447125
24.96551724137931
25.347712904425435
24.535145726181728
25.061462205700124
25.937117690237336
24.422337100264485
24.74550005960186
24.202436964651948
25.14066782955395
25.657565829389636
26.93620253164557
23.771602724991038
22.814138299134147
22.50971709717097
22.088163352121665
23.185226888863866
23.376986363124086
23.70476631189264
24.13341000575043
24.70973348783314
23.097118221012025
23.741411113673045
23.1920281626164
23.855435272891295
23.493816155988856
24.56845714285714
23.432527522415164
22.696899044066217
23.159320477502295
23.946944412475546
23.707165109034268
23.90893169877408
23.47139855241653
23.696000930016275
24.295570500927642
24.615881809787627
24.03210532394041
23.09503464203233
23.667488262910798
24.621841794569068
26.28728432994564
23.439892623716155
23.475976862235864
24.584228107850155
23.93087504334759
24.886167483088407
24.105788660406514
21.73886208057457
22.949528248266454
23.100444340505145
24.903520365252913
24.316187050359712
23.180366928758637
24.312889314805943
24.279572418653824
24.595114644544303
23.907483311863217
24.025937609533823
24.093652804976387
24.609873708381173
25.404252791636967
26.029390850912538
23.8226706231454
24.191623911227776
24.388652319024054
25.67231231231231
24.574078394773682
24.684352307331928
25.46131335596395
26.612868949232585
23.459782973486966
24.75653594771242
23.51154923005133
22.344738993343455
25.250266619267684
25.467054493648345
24.151856535233936
24.086354569987094
26.107714701601164
16.483268671193017
5.8977745169968205
5.044729900217915
5.27780487804878
5.00938242280285
5.153173383760785
5.110554520037279
4.869418211495861
5.177460422893834
4.619128852496304
4.869839127010913
5.330321852060982
4.9836409859621975
4.6524925058288
4.798540145985402
4.92236435818262
5.18857520952801
5.208552481134233
4.4940750493745885
4.454555457746479
6.427825893848546
6.526133957427839
7.251092926801928
7.907908761458112
7.365393061045235
7.241564245810056
7.346244526776693
6.886506216493669
5.7261774370208105
5.098085059006903
5.645592270070381
5.8805558883431175
6.8940989226248774
6.156411460779709
5.780428134556575
5.359873386900414
5.542421696867875
6.5608108108108105
6.113469290965141
5.4463062622309195
5.256978452497552
5.3158590838042565
5.961955213098965
5.24738219895288
4.749698286265991
4.812906275853918
4.902597402597403
5.3641075087380985
4.728253140554634
4.446025811120492
5.1054454263195606
5.734086853063652
4.371735416158164
3.937137445246833
4.231780167264038
4.553408051235133
4.755899104963385
5.550035153503632
4.90923393440639
5.1759743346007605
4.7506029908345395
4.877771120431396
4.220797891458009
4.583664618720636
4.926583201653093
4.89442780107849
5.595220854453295
5.027994713444671
4.944834981532229
6.417341591233921
5.4785223367697595
5.211242471559224
5.573289520009388
5.3642272508425615
5.521391967584316
4.805909617612978
5.884142773551785
6.130103806228374
6.031725888324873
6.159760535274093
4.794681221693184
4.686282038974753
5.887801932367149
5.184954817509682
4.641516117605384
5.858117647058823
6.942326139088729
5.102358598580261
5.91877018782151
5.096011295446523
4.841474982214844
4.910612535612535
4.95829916832611
4.992814230180233
4.692036405005688
5.442565527237589
4.940340909090909
5.168263981560112
6.092464506734619
5.147816620297569
5.962838647806281
5.634865994590608
5.182147165259349
5.296850297944789
5.336065573770492
6.065712956501512
5.911352115996699
5.862238180730102
6.864736026695269
7.507009345794392
7.176217250867329
6.131978481769277
6.659324874311707
6.271130104463438
5.4774069028156225
5.806776971894832
6.190521780756343
5.419415204678362
5.381519409383187
5.2206523018956785
4.812822667787249
4.6622077609062424
4.9267331323904475
5.607272727272727
5.089112426035503
4.7640060066997805
5.087067564429998
4.898155761776107
5.362358223062381
5.646747441477474
4.7502640535148455
5.517840375586855
5.3379891631547265
6.280340242003115
4.872459289195293
4.4784752284752285
4.354002946954814
5.759619737437754
5.593984962406015
4.822182680901542
5.0241448692152915
4.497929239143296
5.216470588235294
5.78360199466543
4.77651645453503
4.010863005431503
4.062905700460286
4.930693069306931
5.9706578324656885
4.900023747328426
5.806899799835159
4.970108695652174
4.918958031837916
4.772385835221176
4.7680788897005115
4.97627159892918
4.637138796778778
4.400747258045077
5.258508327299059
5.453371252518071
5.174570776803938
4.404384606219469
5.525999292536257
6.326270166144956
6.016582729394424
5.067106051527861
5.167600429133389
4.583613243761996
4.88609537299339
4.74713593952994
4.530512041150339
5.861999045801527
6.306819524878856
6.4020680533846335
5.809368191721133
4.678930968360499
4.65695443645084
5.237153196622437
5.813247914903904
5.16102741417634
5.284197530864198
5.993711482832349
5.3420102129779545
4.910291214215202
4.6821241585639495
5.099453008453506
5.740085341365462
5.521787571180985
5.574446805850731
5.480029861888765
6.348390316945346
6.711027568922305
6.489936305732484
6.1487893614352025
5.889736217027129
7.031814805644961
7.716297034637428
8.531642390758412
10.264564601551916
9.806508577194753
10.441527446300716
8.920366190117884
8.783216783216783
5.856967765657556
5.523792093704246
5.4722086190009795
4.927192768140728
5.164582291145573
5.511929025296727
4.904761904761905
5.509975669099757
4.796
5.197468988848515
4.656306907854802
4.591231784780172
4.977193419740778
5.436765978489307
4.575208408843784
4.612420225822287
4.614499566992453
5.316376562883059
5.105092091007584
4.707015457788347
6.207197248833211
5.712060362662772
6.2115640498367
6.783491035856573
5.546524192580142
5.103539929926302
5.813142926297955
5.041963190184049
5.50362056480811
6.09710391822828
6.464013547840813
5.2988813229571985
5.553022077452045
6.371272365805169
6.290530490827963
6.1366784108856764
4.713497962119396
5.959270364817591
6.503178235443682
6.742772788780908
6.541769200880715
6.119391537773232
6.12911911783562
4.437060702875399
4.677608890024269
5.6467341306347745
5.739441112670665
7.078685130063414
5.680564632074239
6.937889847378899
6.105001958991772
5.161170705866772
5.789954943016167
5.702097358881408
7.1148875678469885
9.510660426417056
7.018953654420356
7.164846593863754
6.859433962264151
5.497039084090011
5.756088032295872
6.139131585914747
7.01037786056413
5.4564922743290865
5.4045077105575325
7.5148605996843765
7.199090787538441
7.102759914255091
8.074881141045958
7.348766653475795
5.355558404923708
6.273201251303441
6.747592030610899
6.35572422517394
7.581312127236581
8.487633910858353
7.444488344527855
6.923308467478079
6.417759314552772
8.232835820895522
7.052638352638352
6.344891723130065
7.278285863600732
6.749079431877959
5.930348258706467
5.722104985491955
5.801868431296224
6.844666666666667
5.428150528994241
5.347648261758692
6.454713737934682
6.470270999056222
4.6488741721854305
5.191350788068256
4.7112285677452626
4.967160746230514
4.828490249257394
5.792160437556974
6.661532437018666
5.047452805792604
4.288944066910612
5.293491124260355
5.256661442006269
4.75473411154345
4.866495176848875
5.377255400254129
5.3814498662249965
5.807988876248262
5.9948638931689775
6.022574508560558
6.240630429386945
7.539949109414758
8.656689690457918
6.42286221771124
5.251551614946169
5.4724935732647815
5.052544106366658
7.396255254107757
5.730381523542172
6.2461832061068705
6.17202552233204
7.479475188360613
7.360721948756784
7.071849385245901
5.300692383778437
5.730725836780745
5.532633442954718
5.273099342676423
6.840355329949238
4.758406293617561
4.512966869338627
5.388178711555499
4.844834063869756
4.6530712530712535
4.817738303727796
5.7639263803680985
4.972011144883485
5.591780131114473
6.32935768418437
4.814245087900724
6.610487369226844
7.777777777777778
6.614010463187444
7.4017823042648
5.762119069049762
5.823434793367978
5.043855175930648
4.80575719649562
4.905898699002147
4.552496558628457
5.688155732524333
5.533876719307183
5.784196462654282
5.914369203404904
5.072715816005041
6.162563451776649
5.698412698412699
5.87348552480551
5.290351976307097
5.82447354904982
5.189374682257244
7.072424824056302
6.047481834126785
5.354119425547997
5.169941060903732
6.120700516567973
6.3884050758895246
5.984284636660799
6.523284927391087
6.137453183520599
6.320453695625078
5.071021254536029
5.483480035718841
7.221947087188844
6.489596549099214
5.149592021758839
4.889261328367474
4.238403041825095
5.46978233034571
4.736828806064435
5.238448522712482
4.58336446270701
5.9335328594587855
5.815013071081788
4.915889013313425
5.3458461538461535
5.242631513493347
4.653312984865828
6.237634948531258
5.52651467439224
6.063937968730139
4.738385376999238
4.844432675757977
6.287695864371949
5.227982590885817
5.658310002545177
6.111181301326595
7.303922813253777
7.658427825200662
6.8743448964312455
6.615424164524422
5.953158627674389
5.955997513983841
6.814679130874179
5.754615094813513
5.945653573728268
5.350831146106737
5.672739102147039
4.938031435197114
5.727780599288979
6.491408934707904
6.891177218408339
6.474726949453899
7.952494359488593
7.173447537473233
8.016710182767625
8.077267080745342
10.06466599698644
9.380672926447575
7.9934185056136275
7.793595679012346
7.4144248014347935
7.669174850146665
6.875244618395303
6.961430145708339
7.99002831466207
7.040865969350523
7.265757464061924
7.886134969325154
7.655741744701824
7.869380831212892
7.579062424095215
7.173154856932334
7.428451581975072
7.679504312963188
7.008123076923077
6.5929623159470925
7.441950746087589
10.247332924586143
10.231813773035887
11.050055617352614
11.416270856168554
10.161124401913876
9.408409146791247
9.025867353193576
9.191202554097197
9.225510578451756
8.43244251087632
7.614176150420584
8.369849494201826
7.871730382293762
9.246444304594084
8.484568286892415
8.188773596699587
7.668432725480533
10.922880163703798
11.154970391835706
8.517818914494397
7.544363636363636
7.551523947750363
6.973137973137973
7.195436507936508
7.1938293107738245
7.462492250464972
9.19396711583632
8.657198824681684
6.833824251350024
7.131498095121052
6.60501998001998
7.095482295482295
7.363647581441263
7.265695067264574
7.376500240038406
9.05730659025788
9.273416149068323
6.716441144773081
6.798779743746187
7.427665284215663
7.660432001930735
7.026637069922309
7.297235023041475
9.287712287712287
10.939305993690851
9.75142891888605
10.596936915035858
9.978882429706964
8.747719990140498
8.080898876404495
9.880184892348863
8.982798584848116
8.515940950254311
9.922635052554387
7.579748670855485
7.925983872908894
8.534352049277423
8.609711794623395
7.603649021726083
7.6638940955951265
6.860307043243877
7.652636557105699
7.5116144689703
8.799533513380801
7.858468125594672
7.535685178716964
7.823416275994711
7.63768282851549
6.844972232069006
6.842621759147081
6.506723283793347
7.341425496292753
6.842316784869976
6.525361460061626
7.4008249423753485
6.642350679004927
7.049854791868345
7.579589371980676
7.954827175208582
7.52375296912114
8.276260377812537
7.238877802558986
9.065606361829026
8.843481252149983
7.345996970050111
7.100827238940175
6.649945474372955
7.092777451556078
6.859192720485301
7.275578344860482
7.127453271028037
6.833333333333333
5.790277777777778
7.32951052258217
6.957064700285442
7.143652426479487
7.583587739650751
7.905131264916467
7.062114691171339
8.04123263888889
7.316785128485511
6.467154811715481
6.438770024728524
6.827876823338736
6.664811176598996
6.918622504935293
6.74384236453202
6.741568251941696
6.698135447921132
6.815798027955358
6.381373569198751
6.576346174598036
6.932161611831529
6.593356606368348
6.366541162104406
6.5498012248844955
6.359797830893966
5.970239334027055
6.348624838848303
6.519871451526513
6.015903197925669
4.103096781341754
5.646887930275552
6.452014029121054
6.673432518597237
6.1004753673293
6.576190976969187
6.786734800292002
7.340622014648127
6.642341274118788
6.6944918872758326
6.521647307286167
6.726951871657754
6.362105711849957
6.216425728053635
6.415783898305085
7.1604249382981005
6.7481790916880895
6.587320574162679
7.106134064080944
7.010783996549121
7.520073585109837
7.140130746520455
7.012617621899059
7.993947476405417
8.250264662290917
7.536981616075246
5.21931611105156
5.0544885627967195
5.718072031634071
6.164519220530295
6.742393724159864
6.937308198158703
5.842265978730126
5.421756337576212
7.271293039121629
6.716867469879518
6.013180092787853
6.774371232591977
