0.027216463005977357
0.028616581777951594
0.027766610342581058
0.028056228140219054
0.03147785947610053
0.03006222703544491
0.030614532500796012
0.028702512221749216
0.028872448534596144
0.02910364665403598
0.027541321129114678
0.03617368889639297
0.03193333302247471
0.029179778148894955
0.022971425345575162
0.01774285580878386
0.018928960718862204
0.020007163074139488
0.018262191496843112
0.018048236262601144
0.02041153492527037
0.029185708369470154
0.02967975436565741
0.02805392282888064
0.02946260318218336
0.027118636625609222
0.026423725732853554
0.028821661011448205
0.02847228921528357
0.02894104866607388
0.03150835076343192
0.03202025325763848
0.031036662261664107
0.028652723104221484
0.029699658582402134
0.028161402608689677
0.026317230615781374
0.025544875650703666
0.02677599520865406
0.02870279930643454
0.0302168728362855
0.03156423865654538
0.0296888975974559
0.02648157971950253
0.026962877466746187
0.025122249900804
0.027923257207458523
0.029099851270891056
0.02564314777654594
0.024014380600538274
0.025807784227359225
0.02843641865283015
0.026172612645742128
0.024339594318950927
0.024440760681301334
0.022997777601543905
0.025396487857309014
0.025824595708180076
0.02895790755702436
0.026528267125471378
0.025621435731804972
0.02383390892298427
0.025998164545607088
0.02523029675519395
0.02548660658360211
0.023332256435297946
0.02614725773044697
0.027296347466434317
0.026282642632426172
0.025038335505011
0.02405108324068688
0.02445114446518527
0.024723564000201103
0.024972563064446777
0.02571663307189693
0.0250799972980323
0.024941368330455075
0.02981918420451688
0.027515654817447197
0.027430901305778167
0.028470079577465116
0.025571088415509688
0.02737399353806755
0.026153971502712522
0.02781384134431532
0.030706422779478805
0.02555732049526885
0.02911301795801266
0.031058512190344174
0.030651554108265085
0.029143119750799914
0.03197821715434449
0.030611405565663306
0.03190549039766677
0.026208720735808006
0.028245527993393502
0.03153066370552832
0.029491895855563874
0.029712855782504308
0.031156513075048305
0.028531953845319313
0.02861530592135737
0.028641583679740665
0.027167382126419285
0.030598698003440523
0.029192327379115094
0.028914397800196404
0.028432903437964754
0.027544310608269295
0.028644177320942363
0.027597638448792736
0.0275983085947694
0.030191939109298252
0.02808909009555066
0.031189013204727365
0.03582818316559442
0.03205011467631954
0.031054610539990177
0.0332829184606117
0.03351040773142565
0.03227729921221719
0.03233957449392394
0.03157965814153961
0.02918418674800368
0.030585612737891628
0.034930003619116336
0.03291789082539963
0.033199158823911654
0.034758371000331904
0.03639282732124096
0.03510408646193798
0.03207046551541606
0.030739340734900058
0.030308879125215887
0.034131218327326455
0.03324365996338228
0.02955168646223095
0.03033877791608349
0.02981719823317969
0.027093598818289308
0.028823663468884094
0.028514154768502425
0.03185251387406146
0.031966411492993174
0.03034560048608643
0.049824668507345495
0.058894464995732435
0.054952375621619004
0.05220655456022963
0.04696152512157843
0.04098907128863743
0.035185231890136906
0.03661325236994272
0.0372560632355504
0.037514708831432576
0.04185845862769033
0.050163227111998214
0.047865471103504115
0.03199070583053094
0.02878643029632134
0.029738257233536396
0.036255084744487215
0.05545393884473454
0.05046896440964648
0.052997021103573114
0.05529111406575521
0.05499607378580003
0.05473012932090048
0.056389791190348315
0.055969026423809534
0.05212891597407581
0.05410807246341013
0.05053106074737305
0.05240012239643132
0.0532426671801128
0.052644291085726595
0.05622927630405076
0.06040017404390193
0.057350041675294464
0.05390453943640008
0.0528252906967659
0.053520530972277415
0.057553489834189814
0.05654717056949236
0.051885492073387364
0.05236051672630911
0.05409638979665947
0.05916603171444373
0.05781234173597907
0.05403130583311795
0.05546874588055445
0.05764439019001357
0.05684957227017682
0.0587070709000251
0.058386578387894045
0.060218802487648444
0.0547561825037452
0.058090912481290544
0.05723400992323199
0.05178943574448067
0.04088301628252677
0.05398867805277465
0.05594946881562123
0.0505875593381713
0.04879188121875357
0.05249667190938613
0.051417591851018817
0.05502187037709281
0.05533824935285262
0.05637919118377889
0.05542633825428566
0.05318852754007999
0.05426252773302913
0.050771972367221314
0.048864862537692705
0.05532415557370046
0.05788290967376273
0.0423014771880249
0.0455437429215432
0.04734804082857161
0.05348468318943938
0.049691892847121055
0.051415120171533164
0.051833788581107355
0.05194427317626261
0.05248829156562974
0.05398260999034686
0.0511569446611004
0.052629981355576234
0.0503970657788118
0.04932154233751613
0.04686268590036681
0.03532560476670319
0.03668455976377712
0.03563826440168074
0.03061295418355347
0.027973225055873605
0.028410806397393306
0.03132848146626344
0.029376212155012908
0.03003478067099601
0.029829282668884287
0.02778700160056072
0.029007840820672776
0.028420631972661356
0.02926474647635892
0.029851848847306395
0.026719359860287405
0.026942910690453806
0.026932163598113984
0.027836419677038638
0.029752061300247268
0.02854478607027706
0.028359611438247754
0.030625149852620343
0.025658522461012696
0.027302227665753583
0.02865386711917659
0.028892413894555814
0.030542900384959736
0.02890887248842134
0.03004958660969556
0.02700623059699699
0.028761776364776937
0.02656136546085328
0.02993611220226693
0.026085368379409987
0.026904227909499073
0.027440785520600593
0.01643819897314359
0.016652627881332874
0.026261519582204833
0.027144124129664063
0.025878940396380754
0.029636624410016993
0.026305575816656837
0.02596898617463596
0.02720039646548253
0.023773611361043907
0.027879120276874777
0.02527972522079302
0.02772935458501825
0.026945509520206405
0.027084691650549126
0.026504520150064874
0.027263632281400923
0.02735544169835458
0.029152392694935535
0.02829096108357445
0.027333370470814536
0.026744448559288855
0.02469095216983062
0.02910540401304165
0.028686865132013056
0.027336035644109698
0.02679649383720321
0.027107576972875233
0.030766317051655417
0.027128721534858697
0.027380444281871398
0.025453430119258116
0.02527900995717187
0.0248719686316051
0.029169363841342
0.02880779840066973
0.02942561691069654
0.026010072954696168
0.024221435146188887
0.02571188246976373
0.024615571431290426
0.026701586966957774
0.02629858564006588
0.02882388343289418
0.028177675916628505
0.026695252999505804
0.025741927516043272
0.02785073711686406
0.026006369781196224
0.026740455079745904
0.027603153428145195
0.02609326888458168
0.025753183490610954
0.027570082560478392
0.024957449448552216
0.02961111676021689
0.02430149107227452
0.0264079628999727
0.02443616101639373
0.03930146455424443
0.03153827744842141
0.02757533237955478
0.02669513889149169
0.030450671013259174
0.028144260542267915
0.029672834567954817
0.029786712551392005
0.02208931466519074
0.02502700743498464
0.025258708635053057
0.026364992430541856
0.02447058873555725
0.02345086725571228
0.0240641795939308
0.02353475698552862
0.023507584257217922
0.025024269054868722
0.025825891757690525
0.023267505822557488
0.027908837053262425
0.025534206985327237
0.024205786381085444
0.02438153468088193
0.024559455892640452
0.023817569813275936
0.02575465586288885
0.022959887460034474
0.02410887494221153
0.025129133136018084
0.031532018182659494
0.029421859231679847
0.0267112206749093
0.026361417976394276
0.02601097721377759
0.025355086156209905
0.02538466015796118
0.025935907274700458
0.02832169813330254
0.0244943111813029
0.027344994912699858
0.025446410767740256
0.025494364401765154
0.023479077376282395
0.025104177448860315
0.027056459605235676
0.02999474675969423
0.02580222303628377
0.0265868583204682
0.027274297118589627
0.025878283059188895
0.03171510319935238
0.02651130265575708
0.02908565902859687
0.027476537877942783
0.027518139037805023
0.026853409866460724
0.02526524315940847
0.026837338312642324
0.027871889117633858
0.029811907484336642
0.030210270264464774
0.028603549944017106
0.030360669725805377
0.027101609308569297
0.02917354944957288
0.02817551550482772
0.0263181886838608
0.028531594010042075
0.023880686697337433
0.028613046578859776
0.028309973440425778
0.02956070980964899
0.03284171029332798
0.029846263338920483
0.028687314498587344
0.03333698054813476
0.026041580869394176
0.027828475384296444
0.02567412082816507
0.02558024326425563
0.038378430469162846
0.042889249138299876
0.04130267318460625
0.052537899807616716
0.04875900284987508
0.049911905241879044
0.046000554769116145
0.033800736326608856
0.038845719867223
0.04235604399281285
0.030348117262412606
0.03189218453496227
0.031234779223385502
0.03232045438671555
0.03284337260918277
0.03216330203584802
0.029516708363193325
0.0283304244862482
0.02484771411570695
0.026406020593520072
0.026076277760669467
0.02712095619540201
0.026825611559689485
0.027281222003697477
0.025476375499917405
0.0253174987739661
0.02674313143517183
0.025470872921908534
0.025506726802925945
0.026834754908879783
0.02457414044388976
0.025294728343684653
0.026390533277574138
0.025505082441943414
0.02538138946896274
0.02839231771218227
0.027431297627779353
0.02769169430698672
0.02830826139671184
0.0287316130674412
0.025990904950579947
0.025346632411855412
0.027364266442908094
0.024707101271888365
0.025616948665966158
0.024508354050472064
0.02829411458061989
0.02797039996975692
0.02496975352468245
0.05309116177770621
0.0515216760776028
0.05159673678206147
0.04955146810650752
0.03899768853195951
0.05128747796980056
0.04285882712766914
0.034661342427214775
0.03416676271753887
0.023398433426633482
0.04006061432448099
0.026540651764855722
0.03674092296779771
0.04930931019103258
0.05360659107376583
0.04482509853257903
0.04237686738808089
0.03584601300677093
0.030780174266664316
0.04123614589187729
0.04305320027013494
0.041479696190154854
0.02862703586158617
0.042862075087382545
0.046298738253648365
0.04805116189747658
0.05297216400636747
0.05163321219822187
0.05138971449211253
0.05218624991653526
0.05362270844785524
0.04790765753011654
0.052080318359969284
0.04745472603950956
0.053043909144735224
0.046190923996745445
0.04031574090071463
0.04356254173594817
0.0472158180874179
0.04078838139252706
0.03361890869957281
0.05093294499234646
0.05124340600530189
0.05353157034646808
0.052064181800795764
0.05178218899026215
0.04203600153927598
0.040744213949700854
0.038847681814431906
0.041710977394395124
0.038824972289928074
0.03673436559213589
0.03034197026466503
0.04193849277896427
0.04284914593869661
0.030211016126098375
0.041895689617088144
0.03776744916752722
0.04560752311013456
0.050521130306343025
0.05110292121259478
0.056073776911266096
0.052176173316301006
0.03962432689171987
0.042338359071591836
0.045709199165801635
0.04896010057707534
0.03393867080179479
0.05123857664485725
0.050670767316505126
0.06041534620973916
0.06306929755892386
0.05795931101568394
0.061245167766457574
0.06361462325223506
0.03862994094922175
0.04035074754158716
0.041833341521084116
0.04230064531639868
0.04514500274734909
0.04591680444764832
0.05166256057270063
0.04899362617710076
0.04926775745562053
0.050586694102975165
0.05309455842158353
0.050101884268790045
0.04100984748744468
0.04402066488116926
0.049857809967693734
0.0547254532040349
0.05287510547184144
0.05439278536472156
0.05166473989175305
0.048345151972044524
0.04492194825566798
0.05282800374299998
0.04672863006692802
0.05231996235882417
0.051755079797840005
0.055007597417619895
0.05433050051732343
0.05407916699139969
0.04608601634563659
0.05193569499544065
0.04951252550581258
0.04725678766036149
0.05219604904184508
0.05056468151595921
0.0497013978539733
0.051535980508970444
0.04755364530457836
0.05500564777484881
0.05192213933063181
0.05194353624159083
0.055333423278273924
0.05257007561107188
0.053001135989161216
0.05434016506136785
0.05036092868103634
0.030215091948413913
0.05143086338866577
0.050893999751690865
0.050494222822948506
0.05349339148232607
0.05324576838743651
0.04995707063825121
0.048263194954974005
0.05465539626954257
0.05365736948083318
0.03803804680871916
0.04888054727000914
0.04827524977326592
0.04476365191234628
0.04026805884831364
0.05174356541460191
0.0538784024101427
0.052120770824327665
0.04823086512062513
0.036080930658149706
0.036835379058175896
0.043622852319840845
0.041739112855489986
0.0412946881185781
0.03908031428712739
0.039949023931858105
0.050272860733127894
0.048737337867538345
0.040760539005108315
0.04775360356431255
0.046843516260822456
0.043744742533813386
0.053027639386070934
0.05042901870644938
0.049643667844633095
0.050630599872827343
0.04654649543028337
0.05359075745135555
0.04667927406313256
0.04463020757196012
0.041564675405927426
0.04986581586148276
0.04992707677210767
0.05190897174331303
0.034723073745856974
0.049169450587216966
0.04401884233467987
0.03834840402876349
0.04238613019733799
0.055610351386979395
0.05284533282260068
0.050574123898809095
0.052313464915982696
0.05157226908085983
0.051238735729427616
0.037198485047162465
0.05076830400173307
0.054053432402605
0.04117170912468793
0.05325698983694684
0.053080829901239315
0.049641772962704306
0.04673825273178447
0.04778689849074742
0.05564232670083185
0.05293905469860869
0.049662412320286585
0.05615286214868182
0.054976452694546846
0.05586917589701075
0.05773841648023777
0.0545037791172193
0.05442584594610806
0.049738506274471884
0.028403178515440504
0.04237623636054083
0.05120898348365567
0.05364544929052991
0.053586622030569186
0.05489010467122974
0.03992435905112644
0.04388418322613299
0.05270553743512043
0.052810530356132514
0.054190243572928766
0.049321555316905505
0.055612077990931416
0.05392036811229996
0.03686470438833814
0.05127537170305599
0.051268090821542434
0.05150817035938318
0.05459327990785033
0.05177559007252346
0.050404540610023564
0.05443673959476388
0.04603321482889158
0.03275441940160378
0.04535245860795013
0.04425600434676663
0.05491944762335046
0.0530348956631446
0.05117464213572372
0.04615195433346044
0.04293944908171704
0.04758907885458402
0.044541792527073534
0.05028811657744957
0.04644326350232904
0.0380722670581891
0.03598830081311764
0.033908166907848786
0.03451857768762559
0.05190919044502295
0.050288796695989624
0.048382855401081906
0.052457002609832784
0.04649948209959214
0.04784979516936523
0.04175776517062039
0.043295443022718795
0.03997776580205659
0.046668191760036434
0.04567864313646529
0.04686469250014505
0.04647416570305477
0.04920573968102136
0.04666646150756647
0.04430671672327733
0.049841740990994365
0.054872489638607455
0.05176514775031162
0.054890979155724925
0.046977281607778594
0.05426722234261726
0.05243047759605753
0.045524574572997425
0.052246684220491786
0.055467615090345576
0.05005791707458598
0.050283571469381845
0.0493898822285879
0.05503133293203339
0.05535171212842974
0.05429234321696367
0.052132067705074184
0.052980759544934086
0.04795229423261203
0.04574837213545909
0.056042352533418466
0.04347876735428985
0.05236991567303377
0.05030266286437751
0.05293074844570134
0.0248322326011835
0.051168077333271625
0.027955666733291997
0.04402310299163443
0.05136784035868179
0.054898217780790695
0.04948989818600483
0.05482740102518171
0.05457635706947384
0.052256210968495066
0.05322260469306606
0.046273652027204654
0.044396005749484796
0.04596320324730525
0.03705523234576591
0.05053066890573292
0.05208209655903639
0.054166615102478305
0.04473875816216633
0.04662517002939702
0.04621797825244975
0.043754389512143804
0.04605323283553857
0.04771105261120125
0.050351698119372255
0.04897328715818973
0.04888320118315037
0.048070209012632654
0.052828375600454315
0.0448248692876279
0.03404635655349343
0.04582998791950469
0.05027849327941571
0.04899547301725979
0.04897504718435537
0.046879418353454
0.04921594585568232
0.053321383894840924
0.043007256867304146
0.03512259873039585
0.02885715617761293
0.031014345954154737
0.02924033056369597
0.033038988659280295
0.03431357919895723
0.04867239761615505
0.048338177568386764
0.049293542790064225
0.047723226914754745
0.05149395995705346
0.050211576695187034
0.0563425776300841
0.027344261006771602
0.05477273936200341
0.05388277746852616
0.05717777371566606
0.05218680208226201
0.05409178790373104
0.05077272637912161
0.05479511268331184
0.053548951539855165
0.04983324283466539
0.05441411687317372
0.04917061057772276
0.027104625771914928
0.03617495488661969
0.04299048624408194
0.03430050577377612
0.0433867814104906
0.0476994551856217
0.046168669914920114
0.03894764249758537
0.04801688203038104
0.044083085431471325
0.03873946995856781
0.04070976190549758
0.03786396456889672
0.040440141634948204
0.03924338766052199
0.03937379603880009
0.047861169152643615
0.04905167619776008
0.04148875955162951
0.03853374922435103
0.04079460253093164
0.04280883224371959
0.03910544027834306
0.045663229752776216
0.041220315171111334
0.03725648281874448
0.04735098009596136
0.048592616263931285
0.045510067259284276
0.043683330771897774
0.03880741367084251
0.04213793680911529
0.043003720665430345
0.04562705160491139
0.04475895417478682
0.04520448357372629
0.04635108444674577
0.04552667979010078
0.0396288167201545
0.045429039655426266
0.04076180189356149
0.044422084855147946
0.04053323612765305
0.04388309212434279
0.04694769796267294
0.04476532705491679
0.0410950517387418
0.04277736856860819
0.04230192433173706
0.04384804590361852
0.03396531085506243
0.019576659023156553
0.027759051875565127
0.03784354879985455
0.029507053939734823
0.030268244207841074
0.024651387159182393
0.041716894456685534
0.05301369278032501
0.04612010719815636
0.0428450283243612
0.04574495249002992
0.051663551799768455
0.04925821709540195
0.04305033257146397
0.04676054044911583
0.051123162922903
0.04368541367489729
0.039938770692514926
0.04339421371904765
0.0421648162906656
0.04058816250167729
0.042868016987320685
0.04516343981967954
0.03572329027333025
0.041449430264452206
0.03992804909326433
0.0430410179458235
0.03758349867533359
0.053410397567602574
0.05315429123231246
0.0475270032759409
0.05415893782506868
0.0436734331516665
0.036035552169040336
0.05270828123928824
0.0466545445911642
0.05170880214942745
0.044037689812372244
0.05247397646204048
0.05407863874609455
0.047884049258173404
0.047222430126985716
0.04026013204612254
0.04595662400696931
0.03966319480215353
0.044735384949729694
0.03515952123203698
0.03746345606566239
0.03561102411362289
0.03502024559751676
0.030969512480513727
0.02894291970516307
0.027409792719722676
0.024922198388521017
0.024435876396152436
0.02471953506420766
0.023865310920132235
0.02290542646353477
0.020999806685296465
0.020840605804157877
0.020113836414084374
0.019263470183677932
0.01933205494144911
0.019890764988623383
0.019628982842766683
0.021037550261703595
0.01880678672829679
0.019132186132981663
0.018968723589497503
0.01582625354658976
0.017779867123310502
0.017704520128845932
0.01781261343820072
0.017092096097263792
0.01691090891403044
0.01687451354116606
0.015831776831238865
0.01531813484234399
0.015274837997132938
0.015176047908757201
0.014552989441371221
0.013912337419781587
0.01392326984444118
0.013413574983171495
0.012239819018404397
0.011292278781195464
0.011662208031128506
0.01200441503607402
0.012141300212102718
0.012002313076876903
0.012818214569905267
0.013254352806005273
0.0131757078859496
0.013153132164415783
0.012901722040972835
0.013057552413876893
0.01257514800215161
0.01210510032347377
0.012103966430260408
0.011785951723834105
0.012452024261613412
0.012348610327646364
0.011544731443212572
0.011145425343253216
0.010280388959877365
0.010667116952966408
0.011040596085003154
0.011134012803478513
0.011087228819637958
0.0108815758813797
0.010949737963360448
0.011200665243553305
0.011167966805381157
0.010737121988081343
0.0095847058960878
0.010078642391587308
0.010615796023481169
0.011226559961441515
0.011639611452247518
0.011004951336777659
0.011100870450798033
0.011134045637765632
0.011440303728357895
0.011370397973910087
0.01050105372329548
0.010727398079188422
0.010837907172988484
0.010701226075311505
0.010625995098622332
0.01063173412844151
0.010754999557286161
0.010858585769506745
0.010374976411126599
0.010684461262993675
0.010770872117720152
0.01059660851722873
0.010831510222263018
0.010114318559216764
0.010952930381736135
0.01033648586113835
0.010343181632824067
0.010518064398661068
0.010854404398779355
0.01100975922400228
0.010928140250807444
0.010963843169544497
0.011077798726887144
0.011314152371002646
0.011246386733295538
0.011745943299645721
0.010945868841032715
0.011444518664318148
0.01097902834176278
0.011824072794595644
0.011084829715513425
0.011328844361915983
0.011313708717138308
0.011695976513565262
0.012099539558762813
0.01168954917907919
0.011781302919105407
0.012077218029284317
0.011790547310771594
0.012710013365872509
0.011706286821694653
0.011962523412956312
0.012787641772190664
0.013082696193895611
0.012790433664259197
0.012256670635049231
0.013008998916984775
0.013796168288703314
0.013218260880719387
0.01319627650569535
0.015298419292147354
0.015983900154379033
0.015146155431446965
0.01641992254503222
0.01643554936022009
0.015465450036697664
0.016057822673965234
0.01652366064640524
0.015423347619229527
0.016747949401285392
0.009883620606275567
0.009639060510782782
0.009498764456658537
0.00916917687136461
0.009513769119248365
0.009872482637572151
0.009782624686703526
0.009558748634533794
0.009313267159328304
0.009384919226644563
0.010014444713564356
0.009553790114378343
0.009827598238008948
0.009453078852254175
0.009483432187257822
0.009611589787464106
0.009430215643663802
0.009134358044511218
0.009084835226448993
0.00937751671340286
0.009782109644127065
0.009214575109232293
0.009507686928113289
0.009354908169616639
0.009171292483924608
0.009384896987941893
0.009293530337733022
0.009515086965683065
0.009130497217732046
0.009255451143939176
0.009536303304426084
0.009351645210542776
0.00940118015906938
0.009649788877700618
0.010284226986505978
0.009976308910841862
0.009966258699285541
0.010114297567746676
0.009707257716948093
0.010172687947934701
0.009801852700543448
0.009698481555659427
0.009965908657352819
0.00994815908723979
0.00971968289900656
0.009821462396582733
0.010102025533561342
0.01036304638894498
0.009732623404344517
0.009565062726906139
0.010585893306031123
0.010091348637476577
0.010776942691126685
0.010257538311868082
0.010469138043998237
0.010508179446642483
0.009514351171977764
0.010166862662014024
0.009627968934300136
0.009442542868017491
0.010478686849936643
0.010188101693960047
0.010139541727328125
0.010024228559555572
0.010073691016291117
0.009778891201103077
0.009806771785042693
0.010230279672506061
0.009662464652756263
0.009863488058180164
0.01003311098650424
0.010185706128153041
0.0097966151645375
0.009770305319915486
0.009946759600146071
0.00997315790818537
0.010191282073630547
0.010388279408515754
0.011064950517214619
0.011039461204316918
0.010076987347222665
0.009879000701824446
0.009826704308064439
0.010143082579717293
0.009864841407443897
0.00962756243822073
0.01001018822088444
0.009838014868799537
0.009570809204182634
0.010046384633897612
0.009527407691811776
0.009429723312387244
0.009589289438183964
0.009034955242302132
0.009311105268475178
0.009375773809358452
0.009463761969751702
0.00903326958251992
0.009068427475960166
0.010060029308902754
0.01049865308901571
0.00961771098043589
0.009719114828763217
0.010300786872030088
0.009589978545748399
0.00948644803981073
0.009570630877795602
0.009374250836669314
0.009861356091562893
0.009695194901331939
0.009448947925419853
0.009735118001906408
0.009428233118594507
0.009748044614112293
0.009481763212539173
0.009652401890126857
0.009852832872084761
0.009427249438967868
0.009564237321830493
0.010071026010916482
0.009248772568838505
0.009363842342713084
0.009691921513894447
0.009880266006533139
0.009469704661648058
0.009665606189256477
0.010318837726348866
0.010283377931900387
0.009743844980378254
0.0094080741480726
0.010271996889455657
0.0104226635736778
0.010756328513749764
0.010756263149658853
0.009729459538406454
0.0097680992695446
0.009991717187563013
0.009827942494964709
0.009975736858978837
0.009347678319888534
0.010168875948293896
0.010054486315809043
0.010030477724426947
0.009468563327067437
0.00969367643231574
0.009477894744736476
0.008990519394168813
0.008863358009494718
0.009517161540539686
0.00947728609071271
0.009306238672856536
0.009210260390226354
0.0092684365166382
0.009282815033482748
0.009347886244532751
0.009060111355100264
0.009026493516105481
0.009278394604482538
0.009341846220566826
0.00931377724656254
0.00954426699859294
0.009778217065810722
0.00926238111889166
0.009869977531030756
0.009840163213241456
0.009511354328033426
0.009555362610496918
0.009624912180202226
0.009446889277513172
0.009189296744106096
0.009312202764293138
0.00941160461049826
0.009329561637819813
0.0092095828800676
0.009652168484233803
0.009630505288096109
0.009016985611035196
0.00981775241767664
0.00970272594224063
0.009769462702303567
0.010255837714764494
0.010163423866182375
0.009576337569382483
0.009770506421729271
0.009675750720875967
0.009326459196754774
0.00957961773142444
0.009419455278361653
0.00946814996218674
0.009788285035316362
0.009460175420910821
0.009472838877714607
0.009443317826456132
0.00952100748476292
0.009285101096474905
0.0099431823436371
0.00948047805706758
0.00901837984536963
0.009138535547624987
0.009369352148610628
0.009517115259691468
0.009799984915077898
0.009157946687686576
0.009317751946098532
0.010013457023381233
0.009314604092782654
0.009480502043049113
0.00953338063454314
0.009136075056163488
0.009497174674050599
0.009495349134024087
0.009313522674540891
0.009356108146617756
0.009219266656467271
0.009151972589077158
0.009414497466192247
0.01001332142432858
0.00994167363184574
0.010851273456104387
0.010956168834760487
0.011153595078915987
0.010885232201608822
0.011180117303349607
0.011195285565115964
0.010618120235090093
0.010423823994256095
0.009540234930719402
0.009772527299519903
0.009698877562633901
0.011034559439781695
0.03215039517940502
0.0334040378531801
0.03319375051424718
0.031056925495537183
0.028981502265975498
0.032834977895470525
0.03294546720981766
0.029889316217897925
0.03037581425026562
0.026284076906363057
0.02418136395607779
0.02733952475572795
0.026122976645884304
0.027938907376535434
0.03962894576548173
0.043703115887839615
0.0411457919291169
0.03689054492195117
0.03872672866337382
0.041843335031484935
0.039883084073286786
0.040682398155942885
0.04050688019909375
0.046762741756518275
0.036432480726898066
0.03666252593839799
0.035725045825086565
0.02930020512536324
0.033453937372874755
0.0406662746746395
0.04767143902696166
0.03777392370401993
0.0379533966449988
0.042764227761101926
0.037119146774644306
0.0416791644563059
0.040992910405483085
0.04036673036524751
0.03645590978768353
0.030993518635882327
0.032203957487194554
0.03151152684651074
0.032123154169825814
0.044875534339153415
0.04095109042707659
0.04367785483224686
0.034896818076247074
0.038524187170301684
0.0372027296191099
0.03955368818991986
0.04052810099714549
0.03875113082298628
0.044026367627917805
0.04959043834197067
0.04520232719086469
0.03278700439130982
0.030936464100685596
0.03541707724648956
0.03516423828268047
0.03953636362333529
0.04137882059224532
0.03839232582887287
0.035512641830412875
0.03524906759488283
0.03887732516666255
0.03620940282237165
0.03459444591278105
0.036320459900030924
0.03723918130519987
0.03855429397060374
0.045697208371259186
0.03707137726273258
0.042661686513853665
0.04299276927886468
0.04585487764810277
0.04836144022037094
0.04624485193135627
0.04328011320907925
0.028173444825489693
0.026504241056174084
0.03237643202884386
0.03306866878464192
0.03486829922321383
0.03985351497936349
0.03558080733061675
0.022270441436330512
0.023950017095091605
0.043806359296545395
0.03673720970924256
0.038965522903980455
0.04487166309073
0.026167333189469625
0.03369763351977239
0.03181010931233717
0.0415608094859625
0.04196159781286739
0.04829199530592059
0.04516365810053267
0.04831037326211699
0.0473554754274416
0.03898755792831638
0.0403986569638906
0.04115174230369395
0.03733051714966291
0.03838395979663815
0.024348391099941063
0.021768942346555707
0.02176926728535348
0.019705980924992962
0.020431938627788138
0.02571320549024436
0.028260341319976137
0.023490781527770947
0.017802744293395158
0.025857784809841217
0.02311394166695635
0.02391461024759365
0.024017510460659242
0.025378439770769725
0.023873295624451105
0.02615187029587151
0.026621837213351224
0.02503833011057949
0.024854230584221274
0.024386049603003127
0.024252055587707648
0.030547527968096615
0.02982831083940638
0.028233205715099387
0.031188681941425864
0.02949367358530496
0.026773389796235256
0.02800250354058243
0.02739910373480137
0.029184537548314703
0.027803462958559445
0.02682545995970117
0.02828046444592053
0.02917474741305751
0.02905225366647008
0.03230074514625215
0.03285410549828593
0.04098262286191973
0.04030219052777683
0.03774304229810263
0.04074369357131156
0.039340367897257617
0.04264032951918455
0.05084829427220849
0.02948925294716319
0.04986959752345001
0.049062218691750537
0.0475966929089231
0.043433529800822095
0.032306806032916247
0.03788138072960235
0.03375249826082925
0.025321386600931573
0.04770143669248393
0.041474300876124685
0.04832321514749942
0.03855648442367018
0.03875174768080866
0.03578124839535139
0.036692329810505714
0.0411362167580519
0.04101915838315772
0.037473903136406
0.05235988127602172
0.04373999670075197
0.03294810920609973
0.037639343561779844
0.03592566318756301
0.038479621543859414
0.043105142352737796
0.04282689321036037
0.042776795888570245
0.04097837454258816
0.033798939198918555
0.04240141621279213
0.036263414752812057
0.036751581667179796
0.04028464997845605
0.04069459492254963
0.04166360750089948
0.053340178330980315
0.046726582286401176
0.034751483380657
0.03748593688782278
0.04224229837558451
0.043171047225213074
0.036431989275639204
0.04217207971669175
0.04883527095547493
0.04490653329668957
0.036300823978937635
0.047191208212049744
0.04812600720131165
0.048717015191315174
0.050234332046035654
0.05014583226243635
0.04713176910837306
0.04951555295808279
0.03684456384783451
0.04607643610006249
0.045236737708979506
0.036061483190689636
0.03950311843580814
0.03660723365951688
0.038396172707452964
0.046127783097094394
0.04821833181142385
0.04511850870240133
0.044534879998858315
0.03475607119588189
0.03661025748817292
0.03505549074430453
0.02846482848733382
0.04497112469861844
0.04363916675038676
0.04442159895129905
0.026278471593753433
0.040438341207122135
0.031115800794719546
0.042664694885527765
0.04591022438289234
0.030720448770882813
0.04430639573137586
0.03376887702992703
0.03726250789372689
0.03717883598869217
0.035030520829388276
0.035135947942933995
0.037394545976223846
0.0360303843858195
0.03589694597343507
0.03483654093325571
0.0360377422412568
0.03812599706910046
0.03801616652962977
0.03821609218200419
0.04811950556664269
0.046022734796851414
0.0378500854593238
0.0404671139226263
0.03642864956110792
0.032892377277954965
0.03980164835121383
0.04708734457629053
0.05063134933758835
0.044908864613112956
0.04228279993651056
0.04604809432310889
0.04924502243286208
0.048211406902017855
0.04638874700747539
0.05160835757974474
0.05189765381263
0.04856508840684214
0.049399169407557154
0.051058081136862395
0.049605980989266475
0.04765695523119934
0.043814766904831735
0.04868508283619579
0.048048532026832846
0.04933123424289664
0.048871822467661766
0.047779216667250726
0.047087147414468775
0.03198767201508022
0.04748415916160538
0.049138619154109615
0.04909580989790568
0.0440011952780848
0.04430826053815299
0.048019903461996444
0.05058850224803141
0.04878406934420307
0.04873416619458221
0.039833058096512136
0.02799657600062987
0.0234985849415952
0.03444369096773514
0.03456431935244157
0.033882543189738455
0.032884311317141535
0.03330514046317433
0.03746573644865315
0.034370532113379454
0.03290720153665796
0.03367991111909821
0.03512735366314195
0.03320434918433645
0.033335848170107076
0.03540668755054486
0.03131618516533887
0.03534432906469051
0.03701466084341123
0.03853891840439394
0.03598397734406108
0.035397887096973835
0.03831256537485341
0.034914404728502865
0.033390590623162124
0.035011318713486575
0.03274772362329423
0.03869636114036666
0.036640590945700255
0.035882756626030125
0.036043039216489395
0.03481852223765008
0.0371103839804268
0.03711340154663438
0.034594557471007543
0.03968669158881246
0.036253178953221034
0.03703841387652717
0.03878637409646945
0.03170447896560589
0.03295055579217053
0.03042819728824003
0.030651538276427286
0.03129745741080697
0.03541237589856164
0.035130510395034856
0.03778370735249983
0.03874575356738339
0.03549199937098094
0.036262210869023856
0.036279486615708796
0.03421197094053132
0.03583203323160046
0.038035168672519624
0.03409677344970454
0.03580382984971003
0.04829123768724107
0.04689371894382548
0.046744360451991235
0.035517642154799675
0.03739324240082633
0.03449405211398797
0.03566213371526731
0.03906198237990763
0.03965928484848241
0.04256137568607116
0.04567581163134727
0.042532020560683365
0.040269293707703574
0.033492784785299115
0.033896674439018115
0.03278103510479392
0.0405765241488477
0.04229043154969146
0.047907185464383925
0.03395119713416135
0.0334450850606661
0.03152010972353988
0.038744708519701826
0.039673735677135044
0.03632043819490088
0.044557805700921736
0.04274943144634467
0.04762293346710348
0.04673416316523931
0.03745073220699037
0.03195845761355522
0.03565797350313446
0.028657986030299596
0.03312937190512618
0.03999204750881706
0.04693901374095754
0.043499744553019186
0.032992989874504275
0.0346665970091448
0.03364202531256428
0.03575050787425268
0.037288517038994565
0.03158171781431657
0.0247582072500169
0.02299960577295477
0.02924680533694101
0.029205004615317387
0.035016446428002994
0.03947888178008815
0.03833511160746164
0.04304600529127107
0.046485181637358104
0.04185748404305264
0.0367819908514975
0.03626913629441966
0.040465154170978304
0.035968662753836714
0.03216139508870771
0.04709295427963375
0.04331499809722745
0.038745263901423264
0.04583584571053097
0.036120472341301654
0.048494434052467096
0.045641593015695314
0.044449318494444535
0.04552500284214013
0.04145554373118784
0.03726197395289016
0.037615580225893036
0.047371455642120606
0.04672396855524163
0.04849141554305874
0.05200698424918763
0.044828917594927895
0.04844072890460786
0.04941700250261366
0.04501602885721235
0.04626051929630055
0.03968868875384552
0.046669167349987564
0.041748435549750315
0.03794863068255072
0.045341089459778966
0.04431393546494507
0.04628314877244701
0.04542343126777934
0.046338214719100546
0.04884402835321357
0.043927996510530844
0.04755913967263671
0.045710467968284894
0.04734025645236932
0.04277852268549022
0.04515705219898069
0.04468715621753315
0.04636572173507796
0.0431309653005385
0.05066810496754323
0.03670232364653797
0.03937205009445116
0.03151211735775083
0.03132780524342098
0.03405302122549695
0.034476166350361236
0.03577533429672173
0.03305813099369498
0.03308965539084109
0.025258737021953408
0.022812906128518388
0.026747915065700064
0.02698080376758894
0.029022344830101944
0.03235827762643493
0.029952340329482477
0.028704491452784957
0.027899523618488197
0.028679147002365058
0.02792974094609565
0.028322915163693247
0.028603073683672004
0.025637046521692426
0.02800242355847228
0.028311750468457346
0.028451114464215305
0.024194568810303792
0.02597187977649399
0.027899897553995242
0.02674788209674355
0.025860390113294867
0.02835500096067287
0.02660679664835975
0.027428880165543103
0.031383099032258686
0.044706933696830174
0.04048117715630391
0.04322303378409734
0.04228470923657433
0.04179173344391603
0.042090797116787516
0.04127026518682083
0.04655758583159719
0.04362242796376685
0.04113735870050407
0.03845985917267827
0.042108227575516306
0.0368992775209045
0.03572829565677477
0.03821723551356641
0.04095705271642125
0.03507152456718609
0.029980579182007264
0.02615588766523377
0.03573418140422837
0.03554410683043015
0.0367209689103732
0.03965867518345631
0.02847537656978672
0.035780489796247615
0.027983514908950742
0.030686141052184538
0.027307412922960187
0.03254405697053653
0.03594783247336033
0.03192234167570219
0.044198600480496654
0.04401041068097854
0.04203602837568695
0.04360677931366055
0.036191137070505044
0.039443294543538794
0.04429723765879393
0.03332360754239031
0.04175120590851932
0.038733054261474414
0.04175134219814105
0.036635337042275014
0.0477369557541259
0.03713103940947591
0.03747065789215016
0.044435790919894406
0.04356980093253713
0.03862220356280247
0.04671982958341329
0.04340157619144449
0.046854977802729125
0.04744746878909714
0.04189092354470854
0.04173643051781278
0.04400714460460023
0.047872697527823624
0.04360954276526398
0.047108601541938126
0.037039387100722077
0.026524021469598272
0.04941671227554285
0.041917833932327876
0.04419586191169084
0.04457095352844908
0.044448095086356575
0.04104585752814896
0.04021838931086876
0.045668354325284086
0.04446679067996664
0.046041710672986506
0.04236885698142089
0.04264144058298826
0.04113461593085042
0.04326753117670792
0.04195387474534746
0.03962035497635513
0.03970761302631985
0.03631630978043107
0.03582968044831462
0.03830876813688301
0.039494782696812274
0.039290291670839035
0.044975954484225825
0.04234246777393885
0.04176041650781279
0.03275097136751468
0.03842387789463724
0.03505228971996393
0.04487337738046715
0.04043023931811447
0.031093054068199965
0.032284169002964956
0.04194898592765837
0.040284285253915135
0.035623193572871
0.028488734680388126
0.03186555377473259
0.03192893295524939
0.028892634605795636
0.03296185220565256
0.03396849055264705
0.032253596479217064
0.03146336489665242
0.02832779014468235
0.026986081380868287
0.028055672485540913
0.030832647694155328
0.03703469245321089
0.03988201388636315
0.03984048616134969
0.037070832065709415
0.03134821697217031
0.03239390869689223
0.03224363164787614
0.03958064541367468
0.034396527133185834
0.0380292731479197
0.032340441214748196
0.03125950031863132
0.03020260110668212
0.030342085419590353
0.03531787463406499
0.033225250946407804
0.031173149376631352
0.035311658081410714
0.03422901406443959
0.03558856807855191
0.035412931940662286
0.03882318935064139
0.042841736305031734
0.040331295747736993
0.028634952436656085
0.03557035857376932
0.03109829678580925
0.03277149627847872
0.03305498225358291
0.028271714719591903
0.02416988818937716
0.025915351227246895
0.024513658510536714
0.025002799193117452
0.02993490054600882
0.03288050869526462
0.0334659724225415
0.030783045495532464
0.03050933732247143
0.038433612687757614
0.03450071429505047
0.030798961874778815
0.030677635762245414
0.03223851466597253
0.027266324004087465
0.031216493323318203
0.0410163357362547
0.0473239200044972
0.044956401250141526
0.04018023820238356
0.036207592391131166
0.03565322856169261
0.036587672077086714
0.0398166457473211
0.03747525804926205
0.038638759407475284
0.039820458921098714
0.040674243768677565
0.03846931370405842
0.03337364763993834
0.04010901641990629
0.03566858131167237
0.03742098732103696
0.05146896372269927
0.044698734866788145
0.04704530504718631
0.035344456760467546
0.02373090935412823
0.040014507155957474
0.039393810159814635
0.03327615063369771
0.040343560744766485
0.048698806413931345
0.04444444848566884
0.03987978237913046
0.04005545145182656
0.0433936210302121
0.04191077134425529
0.04306089096948413
0.04736817144639148
0.05078006799938304
0.04925210611236338
0.04785495403153229
0.04635573669088415
0.048843109555196794
0.046724744147271874
0.04070206139645976
0.045813220071770536
0.04769115085504485
0.04550181062123875
0.04558393917778225
0.046295219653568746
0.044600712324105306
0.04827830039279863
0.048384124259225496
0.0464556514339447
0.04588646871975761
0.047115773599909434
0.04489744647104282
0.04444584950585978
0.04238104395592631
0.04454911749802592
0.03216437558634222
0.03865114198634944
0.037181957052796984
0.03869737231366719
0.039733291182144866
0.039610124106585126
0.03920787733023087
0.040509416642631954
0.03415579076468361
0.03296414568033088
0.037802437013735465
0.038720644926464536
0.03546237706369024
0.03806343472339434
0.04087110197204405
0.04067191856278683
0.03944988142883745
0.037743072327468645
0.035904924050629686
0.03832877238660772
0.04166909898535251
0.0355402937565458
0.03808237696909879
0.04508145940355176
0.046392411955611314
0.037270076633519715
0.03300622375545993
0.03623015915668013
0.036707755899983895
0.029185678105378907
0.02433353012629219
0.029968645955067576
0.028154838447742324
0.029003970243907707
0.03973913092428642
0.04537467365896907
0.03832896026691551
0.039911721729870224
0.03564297191378264
0.04170188442067152
0.0377541371941667
0.03836972055532607
0.038191909082530784
0.043117842299910725
0.04320193364569548
0.0406482783406528
0.03553864807032998
0.03863229167434841
0.035933637693830324
0.03956596144714121
0.037197660015230685
0.04591900676793647
0.042099028082361066
0.03768722743317986
0.04056391347524709
0.036731204815492684
0.03448940974596929
0.03886422380608373
0.04495974826781691
0.0477971420336108
0.04675468816338747
0.04224573227856361
0.0364059393848906
0.04453625338059431
0.04770777149201314
0.04254607858497473
0.047105477132658315
0.04555638535693868
0.04648847505195818
0.04331209687491099
0.034925559531377416
0.02872877923188268
0.04126282713821193
0.03291016931136398
0.023556057513299138
0.04309436935910214
0.027122853825213917
0.025735712137959672
0.02275550872497091
0.02455996411551666
0.044825863806294705
0.026259887363576075
0.02999065307259501
0.02839725745141215
0.029987967071786623
0.030401820143816257
0.03852858702967939
0.03563110531266113
0.0342777780093553
0.036637539741400695
0.04012816200822975
0.0427304493844937
0.03935238644936156
0.0366128611839525
0.03701275914192706
0.048609771339060664
0.03414989324154908
0.026019819288312474
0.028221161508526483
0.026625098831069078
0.024959657343720958
0.03944330780717392
0.04539971237255257
0.04567889879872283
0.04403939477956568
0.024654856422664306
0.022752972304116128
0.02123628221800554
0.021024745936103026
0.024742524579930193
0.02254459597778946
0.033333755867213245
0.03824729466459972
0.04540144422591908
0.044263780740708886
0.040908655164874005
0.038104131362395856
0.04151337298977733
0.03828164494127189
0.03984103194778669
0.038829262187265984
0.04672249058267361
0.045158268670451265
0.04390550769630261
0.04805413168255985
0.04761993560052462
0.043444519497687434
0.041143183059505914
0.04040670282101484
0.040889166272502116
0.04388697404533501
0.03885664849799861
0.041965139384030195
0.044000173472072385
0.04097250210905957
0.04350997630624418
0.034818044078858384
0.03892488679484177
0.04084947769327456
0.031738310418055485
0.02390273762152294
0.026472112273933722
0.028038119277055254
0.04639011231306219
0.04022472554246777
0.04392315873408478
0.04265140359242583
0.04616008842208476
0.042360578831499004
0.04819924774588002
0.04718493578250926
0.049207673267672294
0.049245746253567986
0.04455308056936304
0.04672182757777777
0.04716131563639251
0.05306354231333674
0.04940032328051697
0.04605646077007966
0.047735738308651104
0.04974413286855659
0.047338864986914954
0.03863934787946206
0.04324174920136712
0.042733314450378965
0.04424020746739176
0.02974173583993998
0.04864277430299088
0.047994419913314774
0.028814431388161508
0.03381227213307284
0.039423320256035836
0.04017063904588937
0.027356492997889715
0.032425867009914344
0.04268903887437562
0.043155813065216854
0.035539963270451544
0.026434513671651363
0.024061307392442503
0.025022875190642693
0.023541681839867695
0.025115133725423528
0.02442535983396386
0.027051450422410934
0.02950028764387322
0.02630704493429852
0.025356000630685816
0.03634123133716449
0.0383828043161559
0.04229316156448672
0.03823082751541505
0.048188026924395694
0.036489066412729275
0.03998127165162937
0.043853751559538266
0.04544420339956533
0.048088987204533556
0.03881096968874516
0.02789887250787114
0.03933533288831541
0.03434121465106395
0.033300197064530905
0.02596741189091494
0.04413584265761249
0.042437348869676476
0.028101674411074085
0.02996591018096233
0.038142494746420924
0.035209514641672095
0.04058048264004407
0.040031781490289714
0.04351983620325259
0.04534708790319535
0.035982113726030676
0.03729343046713967
0.03828166605076653
0.052893399924228666
0.05157169381727931
0.049309371744581235
0.04952564329680409
0.05164922990115034
0.049246808516422644
0.049324756276333426
0.04089247637926576
0.02169347586674352
0.027809325492903745
0.05286821951693055
0.04089722148763701
0.04837823235121133
0.048275058800937846
0.04812039025344607
0.0498802568058567
0.04598721141606892
0.04320279463927925
0.04265042609586586
0.04226003032856523
0.04232789794203016
0.04451944274506828
0.055462603437191865
0.05033700245895904
0.04845402581927157
0.049735829740677424
0.05116155366736991
0.04696394717100328
0.04418648270026593
0.043379936144013476
0.039754955770953816
0.04727026773824319
0.046455098155201074
0.04680455440418789
0.0476460787128753
0.049640817495467504
0.051452184805274505
0.04604255658952033
0.04546805781115238
0.04618171284663404
0.05054200380149103
0.04795229006924732
0.05019221424466345
0.036458482941439
0.04145585087644639
0.035797391797961126
0.03436116435097883
0.036876696647877766
0.022853812748764288
0.03198812734888562
0.03863917689338679
0.0363707203292491
0.04510833971827755
0.02255683133996803
0.02221806105329343
0.0369058422311225
0.04737131878507813
0.04674019561205075
0.024880194112866395
0.022246598256571028
0.03460386517359857
0.04922030218396467
0.04142697297541019
0.050466754296431694
0.05039858447587237
0.04888128401557956
0.04455283686308489
0.043326122958394
0.04564654971439302
0.05001896958050009
0.052119671399025
0.0541837198415634
0.05247552434306369
0.048721608092789234
0.045766834935267786
0.04898091118716236
0.04198148445604943
0.05095093991121913
0.05048499306378586
0.04505788146933668
0.050419817104721945
0.0367433212575283
0.032746316943069925
0.03948231456069525
0.037781473896544265
0.040785680245312664
0.03287775167516334
0.043444647937491504
0.045148127715745945
0.039693466123527414
0.043100635763708504
0.04844685073896385
0.05138371342910687
0.03852222779937884
0.027672143347214545
0.04368717698772419
0.02730067917261689
0.0256261155866908
0.03836167169619072
0.036217408871696645
0.0451856405439426
0.04383680625675348
0.045611164679576835
0.03662161717039785
0.02431091005750913
0.02724554515702867
0.027838679764497543
0.029544558419016622
0.03869479301536799
0.03189654977486475
0.025488827337789063
0.039130056518412705
0.03727048719954699
0.024223445705392536
0.0360828909796656
0.03599566335246701
0.030243682141228294
0.040136588577991246
0.03918886316340085
0.04134432202076944
0.03805084533338392
0.025352858910809878
0.03497231534579748
0.038188845505037185
0.03731154488611418
0.041577319320624834
0.04977967507739176
0.04519132189250168
0.04964898141052555
0.029095975708516422
0.027489041600181632
0.028441668253706243
0.030775191844659648
0.027419518298611244
0.03203942542351315
0.04599179187462709
0.04402180859288098
0.04668301199961073
0.04781863563974305
0.04676094455563655
0.04790729987408334
0.04568767684153906
0.0440789477419731
0.04295274814845063
0.039326842693235706
0.038860353704027586
0.04161332745360283
0.04575848333621837
0.0404985415013315
0.03433817926809933
0.04147525700679365
0.037406974890045915
0.044810500285949406
0.04920992721098102
0.039118018457714065
0.041047494518409715
0.044302432136686797
0.0406291629509973
0.042043898881449056
0.03739277309860055
0.0375769664467432
0.03708338232273747
0.039617169316017095
0.044434278047269224
0.038557082467622426
0.036851821290297966
0.03969034192439752
0.04081099748746956
0.03680832147507021
0.04353990804213421
0.04416593740961816
0.05085953350010335
0.05476464201051465
0.04908191913765076
0.05287184469311296
0.04571226894880564
0.05170594802528847
0.05213822625010358
0.04824355993848117
0.04271280906134135
0.050851044926902185
0.049154644443739
0.04600766877846314
0.044050677041039765
0.04162922787556478
0.04235610345614159
0.05074511470817146
0.047542590488870475
0.052834106310171464
0.05123301215377558
0.05035061016734771
0.04519530258991383
0.04372167172688132
0.03610172805414353
0.03533621878916334
0.04863845345584308
0.04233934717752847
0.04172160317631847
0.04858060985299326
0.03842111121364165
0.047890921964429414
0.04416997887164738
0.04567775607219361
0.04717488223813679
0.044707564755911304
0.048520418717649234
0.04597355100899665
0.05196008524814215
0.04925227520551985
0.05168990367766795
0.04812729126215759
0.04877308266134367
0.05234161215939033
0.050660796687216667
0.04843805724823277
0.051748223524828066
0.05041016182915182
0.04447231015461471
0.03502502843533586
0.031757264809789264
0.033682832735479014
0.04526478342612309
0.04589637775209698
0.04450702610648439
0.04107419335100928
0.043092294690658506
0.046068087329052605
0.04230070236740271
0.04447139368949312
0.03710068831196412
0.04395312798309397
0.04368292027388298
0.03913735204879359
0.03847254578960874
0.04196747217612289
0.04287058514757059
0.03827478303937963
0.03152897690783294
0.03196231547519161
0.039383587362298626
0.03962867469008097
0.04272339844398849
0.04297901911904922
0.045102147384171426
0.04377673677891872
0.042279381737588925
0.040260528617118804
0.040694616258158664
0.04616441584118526
0.04087429119516741
0.04156822952995873
0.04303009572854727
0.041164373729995714
0.04213621304295568
0.0401080308902331
0.044648176848489096
0.048476997723599376
0.0449812181395319
0.04207427572691275
0.033056944427995665
0.04105042754797069
0.043387055845045784
0.04039564656231795
0.04633209995299304
0.03737637392416049
0.04047575753090655
0.04277629901514626
0.038574388258831235
0.03840863617596357
0.038098872565565337
0.04240492230374418
0.03564557654897195
0.03304510358430508
0.04694434106457403
0.03798734351018088
0.0435654806207666
0.04025689460353033
0.0419190929874128
0.0422872276069349
0.034967263794780636
0.03527234872921883
0.04165256493195768
0.0473989663778344
0.04441253781406569
0.04476739271001377
0.0446878371584525
0.043388288015068034
0.044199205318246525
0.043615702763647145
0.04400385590700446
0.04572123226618256
0.042031441005861564
0.04400857022564963
0.04007528741169943
0.0454392598963065
0.0418045250206287
0.04320588091683883
0.04735425788318917
0.04338020255332871
0.04265975908944046
0.040636087526600445
0.05596232240428938
0.042626711721219346
0.0439719311296196
0.04541800854271786
0.04230556871903568
0.04174336501469971
0.03858018595077293
0.042052584018363474
0.04460989015500662
0.0432337047541815
0.045299669166690815
0.04468678972412576
0.04126909528421467
0.04130604108625615
0.04410819032123796
0.04169412934065107
0.04240226518898805
0.042858459237446536
0.04331375234301601
0.04325886465138313
0.04484618502793546
0.04070111187003783
0.042933065081680065
0.040410693566532326
0.041124186377730416
0.04284896469584289
0.04119831372123068
0.04239644589006488
0.041240106154773484
0.040727626999271134
0.04135320610523185
0.03833690238086127
0.0344197953738379
0.02784366017992661
0.026942490617460235
0.029161170947817942
0.027668646408129452
0.04472855716037863
0.041148587506424215
0.04085929320997689
0.03070283953437558
0.036597281255592494
0.04783871981677772
0.04959751527341547
0.05164623420124438
0.048093656479038675
0.04781266162744191
0.04752443966876526
0.04422241033953107
0.04543774862679838
0.0508575951298915
0.05432368854422081
0.042382541871865506
0.047689154377063336
0.04922649951077951
0.05058421587050291
0.04894481512622329
0.05098408284866856
0.0483245983503474
0.04882592259572835
0.05059777290122654
0.04777203178042015
0.04459204188072065
0.03823825528675563
0.043276354903216165
0.04668375210403197
0.04675626259069704
0.048853474870869606
0.10873975688160856
0.04984221004592525
0.04344942651894256
0.0455301286192875
0.043910153491115184
0.053146242308484096
0.048014592930332396
0.05190424033281642
0.04495111337333178
0.047466127858050246
0.04036053625075063
0.05550911554544601
0.04664885909035535
0.042902491864313066
0.04184913644245301
0.040807779454997535
0.04010287005600322
0.035343207910412816
0.04354339604300399
0.051686011378182926
0.05044592774153083
0.05416363841058867
0.04207285508961449
0.04502228204281665
0.045665749336803556
0.04891369981242999
0.04840489813217116
0.0450409570630925
0.049237104630671075
0.05065756741644043
0.04620523263389513
0.04494200933824701
0.049092033635702984
0.04758732361311685
0.04677401114128059
0.047410896179822325
0.047713806564500735
0.04674921033922389
0.04955693584001447
0.0456278508670391
0.04711702756475825
0.04770711126936158
0.0489100728285113
0.04954696338447019
0.05399335743720446
0.04768222898078749
0.051901610160096055
0.0529019402122177
0.05278275491380254
0.041681837196033404
0.03680870412349173
0.041500570424004325
0.04145763477423436
0.04473412869513694
0.04452050967026055
0.03941150504853598
0.03958175827698269
0.04569969537034371
0.044146066254037046
0.04312649547062536
0.0445053081169192
0.04022724566949545
0.03971948205096858
0.03913193767998283
0.041358365218370254
0.04141462774172737
0.04069939570280468
0.0417024557673811
0.045165282324876606
0.042706572060601966
0.04349016271369814
0.03919485012057599
0.041178253828582416
0.04480687572581783
0.04137964793389565
0.05380410752578277
0.05039165021783226
0.04882225060583188
0.05188978408800013
0.0510827921162702
0.05119885454258842
0.051682119968480246
0.05392121078307672
0.05008384006294551
0.03458526246629267
0.049505222154064006
0.051763209720929564
0.05241208152660454
0.04805093567559411
0.04937086443690783
0.048739024596380805
0.04796872578041249
0.04912125237029616
0.050766534186494384
0.05195120737265862
0.047748129453862566
0.050157019266457124
0.04645385358329212
0.05458578991476635
0.04932684337947749
0.04986484137137028
0.053271015618554775
0.05000086643192967
0.04822871191403523
0.04456163387849602
0.042963693664551654
0.037276815280531186
0.033415434928290015
0.031259470252309754
0.029378599105217028
0.029614796441949993
0.028051551323921443
0.025726450385965847
0.026089058130775142
0.021565112784757662
0.019541165934355592
0.02158554723617082
0.019696581548813385
0.01834806142559046
0.02000435061076339
0.018816671748207822
0.017691286208555226
0.017277961241004808
0.017314513034200937
0.01611852329506187
0.01861788906416579
0.01655644553777377
0.01713766924290107
0.016277110758612285
0.016027552411388223
0.015533726893134895
0.014726983935613544
0.014991499007182319
0.014139623879750044
0.01394127079156418
0.013896585188824105
0.013958215001572436
0.014101066005692102
0.014976877263072876
0.013380782928703826
0.013344579325739953
0.013141591181285361
0.01293701373333903
0.012703053035976823
0.012801957614434546
0.012726820639093408
0.01214144527405338
0.012177564098253421
0.011854706965930419
0.012120765379133473
0.012032743003286049
0.011720773217328347
0.011642543887813266
0.011659721877282578
0.010837170399343177
0.011689006836242806
0.011630787529987623
0.011123019922112027
0.0105012641247211
0.010909071247496235
0.01139801967871279
0.011111053019996273
0.0107911691324353
0.010888479297114353
0.010970229901765225
0.010266236573878276
0.010892155398901156
0.010222791400673299
0.010069805804737458
0.010406778693274927
0.011276080511718231
0.01043751096457438
0.010411355396389162
0.010336809427661539
0.009972180638612207
0.010501496106933827
0.010142755923398595
0.011301733392840668
0.010515948155694092
0.010867115391601569
0.010904867000287389
0.010860787707869322
0.010915576188889333
0.010801122637148037
0.010933778753166026
0.010860215686270337
0.010819649222141374
0.010841681525984389
0.01051502485422168
0.010122925913115
0.010018133806979777
0.010304480456627702
0.010028099744447018
0.010729347549137031
0.01001449224929327
0.00992210177549411
0.01041563976392686
0.010450400627627606
0.010175929477320142
0.009885970412706589
0.009912449273035187
0.010632908693572371
0.0106337593804442
0.009841774601845377
0.009962347102103055
0.009647795067176277
0.009706918540316143
0.010912817571958184
0.010680118558120042
0.010299039402594324
0.010641896353117377
0.011086736783992463
0.010620735696396091
0.010741337537958334
0.010578961874715761
0.010509479599768322
0.011294940762571093
0.01085383931961295
0.011009577817483553
0.010983149762496537
0.011095718915610104
0.011914486815582681
0.012032696809225108
0.012966530077666641
0.013691394303584641
0.013370424124939108
0.012942899353287796
0.013301178826205837
0.013911077274013217
0.013128271385858018
0.01357339996294254
0.014129150980767793
0.0143787738984745
0.013132741337681567
0.01410979691933453
0.015112218061807492
0.015161244032105177
0.015577432218165124
0.015801114653062127
0.015761456847018965
0.01574221249330677
0.016950453144998722
0.016241188800683048
0.018285343451358536
0.010819900963981194
0.010886249675761808
0.010449958203923521
0.010409294319972067
0.010628187553304783
0.01048574962485879
0.010517304332787823
0.010712965355836837
0.010615621580696795
0.010350849616077927
0.010118519263543293
0.01015820555295862
0.010381224694320504
0.010344294127158373
0.010817174264701702
0.01036645637785389
0.010729377412838925
0.01016167505622005
0.009910853087509483
0.01005202477041167
0.009930019564475033
0.010152740584902242
0.010174148618666995
0.010444066003017494
0.010234429697816513
0.010297721019351823
0.009965648407851989
0.01071701041508643
0.010568776086098495
0.010168300590746
0.009772595266712057
0.010211360738012846
0.010461710019743182
0.010366276230390744
0.010479072254131467
0.010115289583538342
0.009830739087315785
0.010703992432574149
0.010387915265986697
0.010416809399979684
0.00989038587793678
0.009538085385702395
0.010769753975569755
0.010350473340520163
0.01025791909201095
0.010063625548368775
0.010287579190734801
0.010088460869340073
0.009876215357356135
0.009915158425848395
0.009730176415241116
0.009884469332195717
0.01090160307675532
0.0098035752346106
0.010703452727609595
0.00959041393431758
0.009962088712409431
0.01029275293155997
0.01060328754161762
0.011351944598224245
0.010154686341059828
0.009909007662682573
0.010129710215897689
0.010167733735121297
0.010651015340946427
0.010388652145974358
0.010563563307381096
0.010597136553929323
0.010480574755503657
0.010471750691539689
0.010420810151544342
0.010759824144017412
0.01037860942896375
0.010743302438608719
0.01081136489450204
0.010951850170599953
0.010707516638943678
0.010591620395080603
0.011090940882696987
0.010795761231564041
0.01050723602812093
0.010596087854420535
0.010935456709499265
0.011095802865814392
0.011142908743317269
0.010945754529850268
0.01088499551237319
0.010586278861518982
0.010490577716986032
0.010803246868680002
0.01034905380759432
0.010413036931159487
0.010332157844841072
0.010185374997199275
0.010064497175624647
0.010389117616626427
0.01077509250472919
0.011101840216763761
0.010994965484414065
0.010858290109860762
0.01054773211045926
0.010503014875442808
0.010542252486931037
0.010797926939464738
0.010702349931594498
0.010392358806575845
0.010001120570013506
0.009947359018937254
0.009775790683541395
0.009767762419305161
0.010038974630203498
0.009793197426679726
0.009763093915207745
0.00967013599827136
0.009627723065738102
0.009915755783786418
0.009675234630719228
0.010032157310929834
0.010047437904583194
0.00976172970151528
0.0102871959208355
0.009957959539462092
0.009861376743566363
0.01026041360489789
0.009977831629533746
0.010019441941413179
0.00970876107684258
0.00956498235387102
0.009840943938912475
0.009956612261338002
0.009862930168425661
0.009931466556361
0.009858900663547086
0.00949732185613475
0.010308350485164616
0.009997225063705593
0.010146529021482149
0.009780820029137792
0.010068764961090201
0.009899664329514458
0.009800020835568074
0.009848782486590466
0.010086638366404128
0.009815444059619496
0.00966021775561778
0.009836287848787494
0.009607878893903216
0.009493281285713482
0.009952219736009415
0.009478368904311698
0.009563391313903857
0.009558288539821892
0.009574399730034332
0.009466244597912789
0.00977511995871105
0.009258136522709634
0.00943834716732146
0.009492237191474179
0.009540706094655453
0.009743941583396911
0.00996512347784217
0.008987651371996227
0.009080231582051382
0.009708584199905763
0.008957227414817057
0.009147579794201957
0.00907272371746558
0.009397023522708237
0.009397906467571698
0.009488006006357174
0.008987095580549961
0.009222961509947876
0.009239853435700733
0.00928372682935046
0.009246337917472048
0.009490664145969833
0.009156300219465958
0.009081524220151698
0.009190599891287034
0.009376875369604215
0.009227967075595046
0.009260222830805812
0.009471698991048496
0.009300089917807303
0.009428254654135975
0.009639237997205556
0.009336251986092557
0.009187731814330467
0.009174129797056306
0.009293157062398671
0.010014756139258238
0.009068654175431968
0.009204692665371364
0.00928039891112433
0.00933972559561348
0.009670185499985714
0.009280466694975035
0.009130336035803847
0.009189435685177433
0.008909348527252545
0.009547812983772821
0.00925960420002238
0.00921041205160417
0.00940666341163713
0.009267939122404804
0.00960455864227724
0.009377311634955162
0.009512185101537398
0.009291045792907154
0.009540819078118877
0.009713517258238368
0.009905346970446928
0.00937584836316031
0.009168867942995956
0.009431251217852762
0.009766805190070059
0.009514131870381944
0.009856293404049877
0.01004304405337904
0.01004541715778568
0.009077104801595126
0.009403590756829826
0.009324319959254437
0.009933474725811449
0.009646119249365995
0.009822457762244939
0.009313494886465047
0.009581468707182657
0.009905858427184994
0.011126643639723217
0.05148161151742469
0.048201825543704974
0.048305479095614084
0.04798882463283026
0.046295765700049674
0.0476590659755241
0.04476652318838301
0.04791902121132827
0.04658959958272896
0.047823387592342066
0.04614519859370318
0.04435606655531566
0.046965990711704785
0.04633360604926347
0.0475465505906162
0.04417793154429695
0.04884337364481459
0.04823047856588181
0.04661153943501996
0.04320215486061224
0.03459545375303972
0.037790159927441704
0.028860223036062494
0.026823799503601475
0.02754029976141454
0.02626623744444059
0.02868344050781705
0.04321657936803018
0.04299818827498829
0.04753865935499772
0.043809662397488756
0.0399929725114073
0.036566844065259285
0.03707936147546425
0.03353431413688294
0.04112832286407975
0.049318504634754165
0.038900409505013174
0.04154684585341615
0.03861145870079132
0.03638679987645069
0.03770889759787691
0.0452979028969748
0.048502727691722355
0.04779996849667143
0.046288264876486115
0.045153476989065765
0.04765197075248982
0.04817519310947353
0.044954055525418646
0.05315361047588181
0.04919628793988624
0.0441861210521664
0.04792763376357261
0.048119494849486064
0.03744294543254724
0.03541786724024136
0.04907760044426621
0.04913970102118838
0.05059891368213303
0.04732380752549676
0.044975825588383686
0.0474275660803929
0.04693555115682752
0.03939511422240906
0.02663895291451267
0.04410822446994674
0.039209739169217946
0.035830930375939055
0.034673010895375965
0.03303850478755584
0.03733986729574425
0.03947041413725575
0.03437433154064803
0.04212160986962218
0.048226706141419454
0.03411446371973758
0.0323985370543189
0.0406796334159848
0.04128486298635798
0.03294049486059593
0.037460302154438095
0.03877166052885055
0.04037397796450979
0.036409067615553854
0.036857280041647754
0.04485587894942105
0.04209777241365548
0.03969489316441098
0.040759222039408266
0.0471361810752467
0.04692543889721125
0.04627194103347519
0.04683258507775012
0.04771947666546598
0.04390340401173357
0.043801196662594154
0.04811970085864892
0.04498723050394278
0.04140191729074123
0.0459092057255773
0.044296494191028185
0.04703045333586949
0.03732615389471655
0.04157802615294703
0.043726978792852214
0.043439120763441884
0.03962472196210865
0.04069660175894058
0.038662117742682064
0.03971547311667864
0.03691909497299287
0.033138741520404434
0.03422361412267889
0.039003013900315214
0.04302150583387572
0.04672671960267134
0.04672746966344822
0.044338922022803526
0.0469956453637264
0.047047496600439984
0.047249047636475576
0.04740749388576231
0.04915332069530397
0.04659629150445972
0.04233987363715737
0.04661675286691722
0.04711095853653769
0.05134678652379422
0.047322463440263245
0.04861349834662217
0.046584706003441174
0.044734389034991856
0.04628347502595793
0.04690606721459804
0.04652060830278242
0.04937660025435389
0.04993041523408417
0.04692298049600148
0.045355169415439815
0.042722236159190304
0.0489517421934078
0.036378175518180456
0.04661890399970118
0.04486982494538737
0.04326133444038878
0.04687808747858297
0.04368925804554024
0.04359484138287418
0.03844858135454714
0.046007991706188266
0.0471666035669122
0.046466109435874876
0.04691713256127093
0.04797162400864735
0.04718606913367518
0.046487835178306916
0.04652885912396579
0.046816364060131996
0.04858343357118129
0.04469675899944447
0.04894330620440715
0.05009309615753495
0.04802179978370801
0.043793345884987386
0.04692218983023189
0.042694774973952854
0.04644046301728017
0.04441093763056051
0.043447573206026296
0.04308010612113645
0.038063891646028775
0.03639920287185259
0.04745284218974564
0.04503376188366574
0.04719983158396981
0.038611350289976774
0.051260468374007676
0.04790853959555485
0.04645508974120092
0.05289619263249966
0.049369157623502115
0.04531347048726102
0.04854518077864641
0.050955717550164426
0.05039769282515386
0.04764697820949778
0.05119088270476352
0.04864870104414996
0.04906209939572083
0.040925434606573906
0.03994003748174482
0.043224719980007764
0.03822287744224252
0.04458176242018954
0.03438312326343274
0.025107506526735903
0.021679067318682264
0.01925760510957125
0.02120463413147516
0.02255433732775633
0.02484601413280614
0.04265662713587728
0.04734216124097706
0.0495042693380926
0.04765496253215392
0.044133194668919504
0.048959641329232195
0.04840206591367785
0.04290726800479033
0.048014910394116414
0.05066190482581126
0.04696116991575625
0.04536027622123861
0.04737434134550498
0.049858167627541465
0.04507283853356576
0.04522663994568947
0.04551430576575249
0.04502883096208727
0.041837509894217306
0.04424383745747644
0.04752507429526622
0.03399221018305001
0.03804451424409761
0.0422131675698657
0.03554836455050485
0.04215979099132432
0.04717658040754297
0.048104841147663974
0.04298177188483967
0.04127362860351516
0.038402004147219664
0.03447288530141709
0.03658666762132122
0.03765412913191517
0.04950551775174175
0.05325114486422857
0.04757230410554915
0.04644445910880756
0.03767192515699068
0.044161444361716394
0.037695836366505656
0.03626704651886729
0.04344536581912248
0.04362904341109451
0.04564425369058049
0.050261234734774334
0.04569294063956286
0.05210498164306098
0.046704845068449755
0.03590760409482772
0.051866169611314926
0.047751910163268955
0.05144151129283048
0.0516921857886857
0.04230768215538994
0.039567929146319986
0.023675591765387746
0.031058483416679637
0.03269851398581835
0.05027315719395556
0.05235996432835437
0.052161483475700154
0.047795649164911684
0.04857826428271576
0.04908783804355959
0.040432051119248406
0.04169409983860315
0.04014959317966909
0.029288404909185668
0.030842985512818628
0.04263022665086199
0.037864116984717026
0.03690393531456647
0.03629870268459775
0.04532513241375429
0.03575580312821146
0.034810198555301014
0.03758478280390618
0.03509629269247813
0.036968432691621145
0.03569594764207445
0.04964164497770985
0.03830241481945472
0.039065188204464286
0.039982297742133806
0.0436291156236028
0.03770170754775223
0.04018766400261016
0.03816914092025422
0.04714052508711336
0.038567706755302904
0.0496781081926492
0.043487717876234136
0.04715207849812581
0.04584226457811482
0.05043537330797908
0.04545882639855682
0.045688875422252626
0.044252248182919375
0.051520899035669004
0.04396107116865043
0.04745123852757486
0.05041931412210205
0.048025096305201964
0.0467260423372518
0.05052794610792143
0.048545978334213376
0.050083575571989405
0.043179304411484445
0.046378167840646106
0.045993392545257056
0.0431035118438227
0.025593496673674842
0.03656363172984999
0.04076983459544926
0.047079502401421634
0.041985278552248796
0.040281913409865686
0.04855729646938532
0.03532855805100233
0.03700317901043297
0.041960362341907406
0.040447753490946405
0.03983912286576508
0.04035025903814875
0.04297209438162012
0.037691947451370215
0.047402811592103376
0.03661105497758769
0.04264781415378964
0.04447220179163966
0.04995889535195464
0.04899944251876028
0.050849480842010214
0.050716992018307955
0.05283542184464457
0.05251887226339317
0.056093987488825624
0.05556002436509467
0.05062405149542764
0.04441648433273049
0.032309400392867414
0.042807434897651334
0.043488637598806834
0.03884744591018664
0.040901534072057925
0.037241076720097396
0.04646033767851413
0.04695369415050034
0.04334992345655912
0.04675682941415972
0.04502257189068127
0.04550031390187549
0.05051944281991303
0.04227533878658366
0.04385790313915265
0.044483065293567194
0.04691000437535478
0.037736138938136196
0.03429929516310649
0.04723611194222235
0.03612349272579363
0.048169339834624486
0.044960076549069236
0.04524594264437064
0.03584427371813285
0.038218774428249606
0.03876296105811282
0.04445030321193814
0.035659764044685335
0.05013110857686378
0.050935820476107764
0.041627528668946166
0.026151267644847803
0.04141470469936271
0.05326823897930036
0.050817030046655644
0.04528414076491761
0.0517304226361218
0.04866150271394689
0.04945974907983861
0.04788652043188249
0.05465412288636568
0.05287730627272459
0.05047020819574957
0.05428473672995457
0.049410560874971976
0.04889671407039023
0.048626780742495025
0.04308442959809587
0.04345325159307607
0.04977104102912829
0.04845884626319378
0.04551194740459844
0.0504413409554847
0.04113356350145303
0.03922728970700339
0.0429767429135865
0.04084325542416416
0.03928310349793268
0.03632732401009825
0.05048015617464961
0.03365800334244638
0.040457894438822826
0.038955654554283986
0.03650282561278288
0.03373985603640662
0.040587605122969606
0.049099345085070224
0.046048461345102765
0.03735148954331097
0.03683816894607802
0.03345146738064333
0.0336612520288143
0.02512887836349674
0.024978767837030846
0.02447373832843969
0.023951025725648598
0.026512354258656525
0.022912493330934463
0.022723590120534626
0.021669578952185537
0.022268104676724486
0.020415262849964658
0.020435425548666456
0.023531453117172637
0.02098884897625881
0.02166433261416053
0.022926376318075446
0.0224214465140558
0.02328377260644768
0.024738770938868032
0.02360021829408117
0.023909958218496015
0.025054728469330777
0.022671591045271736
0.024374820403046428
0.024097383914855712
0.02925240660424154
0.02823943152842104
0.028054020167524688
0.028862023678527294
0.02694740472035258
0.024384894941291535
0.024565204465999482
0.025111653576952872
0.02532425209786159
0.026519201970149273
0.024212218073791168
0.025211753970300753
0.023109041112423866
0.027391263611831754
0.026466296825957084
0.027734550444120886
0.024394040991473846
0.02544245272261751
0.023809770054529014
0.02334273297169465
0.02224876242148577
0.02305812759448378
0.022112137924603193
0.021460442544257986
0.023398541595517474
0.023947924916526753
0.026823806487303738
0.024020899652541283
0.020458305110303228
0.025282721200348194
0.021613475273624557
0.022524426763305624
0.02181827840822307
0.02161574830932381
0.022229170657373593
0.02284051789003365
0.024924250559045933
0.022102025024411436
0.022188969335166737
0.023928555590634514
0.024154363272388492
0.02526743445951449
0.0214228261244753
0.02386210957695136
0.025544929141695066
0.023083429679156966
0.02582766361021109
0.026238480108029403
0.024474213257638974
0.023007742699143928
0.022660590568772683
0.02216840567381698
0.025510000119357307
0.02428378512942499
0.022656753857016924
0.026182342508890157
0.026299911960629745
0.02609337179461352
0.023573891242749282
0.024834083835633028
0.02104618049057779
0.02295061371953532
0.022634617192517387
0.02561835690330634
0.023162867709586477
0.02186826281036691
0.022918667868543685
0.022091850948339056
0.02124450245142365
0.02771363845408128
0.0206404785006665
0.022367964443854475
0.021177372110446794
0.019892459643263288
0.022294246226727852
0.020348575213335066
0.021265514166586542
0.02276586843141309
0.024167358520792836
0.023578727802160207
0.02513722394460195
0.023793083103872462
0.025575795231396557
0.024648426107695475
0.024688629428280137
0.023506601253346148
0.022074370961603165
0.022270598666687545
0.02131117158051903
0.02195287331019429
0.02192567770353448
0.02114820338128424
0.019154193250249908
0.02246946894195403
0.02092908669154457
0.021362625087055224
0.02278868209943734
0.023889549485553302
0.02125309743241071
0.024981102155505846
0.023147610946892418
0.02056086220014113
0.0210964687748495
0.02158963089304959
0.021370317588361876
0.0261888029211604
0.022150455968035724
0.02134421667041182
0.021270689299927033
0.021550815107075256
0.02041396855069143
0.02077073547642704
0.022616719380491253
0.02103806743874033
0.021074630731579315
0.021113294234555952
0.02062014008267413
0.02372752544049601
0.022409217442954724
0.022782692737470397
0.023049205605833227
0.01872999264045475
0.019885648249983137
0.021764582824866565
0.020168128850187064
0.02003255485612707
0.021405971320355176
0.02175331723180322
0.022282217344382304
0.02135526746695492
0.021022949159641483
0.02109179667043386
0.021699056893813844
0.020425235926449885
0.020208339374850278
0.020700454581734508
0.02261815310750985
0.021642041972533006
0.02116429294749357
0.022686459858526915
0.02239756005759116
0.024919242869896333
0.022752346078872752
0.022826614803248726
0.02236309395931621
0.022859151862812423
0.02641252093302656
0.02672586590368446
0.04811265413655835
0.028403559603908484
0.023962788988167137
0.028352006196535075
0.026527814632800937
0.02473339811873962
0.03952191528978277
0.02633585520103937
0.025920728020314136
0.02686553999818706
0.027712862413818165
