6530
6848
6789
6666
6447
6676
6628
6815
6731
6600
6565
6570
6568
6567
12189
17788
17064
17461
17582
17851
11036
6866
6896
6772
6941
6906
6816
6712
6927
6724
6955
6791
6882
6873
6950
6545
6751
6822
6680
6780
6673
6758
6821
6983
6909
6949
6668
6995
6777
7879
8053
7841
7984
8464
9151
9203
8522
8445
7776
7366
8412
9089
8900
8483
8493
9218
8786
8744
8899
10065
10466
10495
10406
10366
10086
9902
9492
8570
7622
7607
7691
8097
7953
8402
8730
8768
8450
7239
6561
6450
6572
6424
6610
6829
6929
6833
6829
6687
6856
6787
6882
6608
6806
6762
6967
6819
6735
6931
6936
6896
6851
6826
7021
7504
6888
6833
6904
6943
6806
6922
6939
6789
6977
7056
7022
7069
6715
6751
6715
6760
6829
6826
6939
6873
6968
6723
6896
6953
6822
6781
6901
6771
6909
6792
6735
7524
6855
6824
6840
12322
17732
17814
17812
17802
17832
10269
6759
6591
6412
6432
6552
6731
6634
6557
6498
6565
6562
6459
6569
6339
6541
6511
6582
6656
6644
6678
6904
6823
6867
6899
6832
6846
6932
6944
6893
7026
6876
6917
6880
6722
6769
6786
7097
6938
7047
6978
6827
7147
6888
9073
20667
6838
6854
6953
7030
7004
7224
6844
6900
6921
7586
6909
6932
6938
6841
6716
6907
7173
7601
6982
6889
7091
7060
7199
7176
7173
7293
7090
7225
7297
7677
7780
7843
7707
7651
7744
7799
7846
7471
7652
7554
7672
7503
7713
7650
7662
7877
7854
7737
7832
8229
8175
7907
7530
7427
7436
7598
7262
7590
7423
7551
7555
7682
7598
7511
7625
8715
8144
8134
49060
30205
8129
8015
8357
8136
8266
8387
8092
8827
8314
8524
8260
8518
8466
8382
8527
8391
8219
8293
8358
8473
8496
8364
8371
8326
8594
8393
8293
8738
8513
8516
8429
8406
8477
8790
8481
8382
8723
8317
8437
8418
8264
8670
8490
8374
8349
9066
8287
8577
8386
8432
8372
8404
8407
8309
8439
8253
8398
8487
8333
8424
8382
8525
8488
8436
8323
8275
8425
8356
8424
8424
8419
8453
8453
8352
8425
8455
8483
8311
8419
8576
8459
8595
8621
8742
8528
8466
8552
8621
8744
8657
8009
8346
7995
7997
7981
7938
7941
7897
8032
8005
7884
8126
7788
8062
7675
7830
7821
7923
7835
8094
8056
7761
8159
8096
7901
7455
7562
7515
7717
7661
7461
7641
7431
7478
7498
7568
7630
7607
7620
7500
7547
7625
7535
7504
7674
7623
7634
7645
7606
7761
7679
7824
7654
7579
7669
7712
7685
7763
7792
7874
7650
7839
7666
8033
7841
7626
7647
7827
7744
7748
7811
7869
7901
8060
7706
7989
7656
7737
7980
7814
8118
7680
8043
7698
7676
7752
7541
7574
7830
7641
7823
7850
7656
7682
7731
7479
7806
7492
7594
7284
7319
24945
7743
7301
7323
7531
7436
7335
7274
7312
7442
7263
7374
7162
7463
7464
7312
7399
7392
39187
7442
7204
7328
7402
7410
7373
7416
7324
7389
7337
7458
7587
7583
7513
7306
7422
7623
7492
7384
7461
7434
7380
7235
7157
7205
7308
7334
7317
7175
7212
7011
7402
7129
7212
7218
7203
7260
7327
7296
7113
7553
7289
7040
7262
7221
7437
7494
7204
7258
7394
7362
7497
7098
7240
7196
7235
7344
7165
7069
7242
7151
7211
7140
7420
7314
7267
7366
7255
7182
7225
7036
7154
7147
7166
7369
7252
7193
7268
6997
7286
7373
7588
7604
7302
7405
7418
7479
7450
7572
7613
7403
7511
7395
7338
7334
7624
7428
7409
7378
7384
7457
7346
7634
7508
7585
7188
7532
7423
7346
7405
7534
7403
7226
7317
7173
7311
7534
7351
7376
7413
7490
7379
7498
7272
7234
12968
7452
7372
7367
7531
7397
7504
7458
7416
7378
7320
7546
7377
7500
7277
7543
7574
7554
7381
7420
7567
7517
7306
7394
7518
7316
7542
7415
7398
7560
7508
7273
7324
7491
7253
7288
7299
6958
7179
7327
7248
7300
7166
7278
7012
7137
7165
7803
7751
8131
8079
7879
7904
8164
7820
7441
7716
7929
7876
8135
26753
8086
7917
7912
8089
7980
8046
7744
7155
7758
7096
7323
7265
7285
7048
7435
7214
7224
7146
7274
8614
23441
25688
25070
16852
7401
7194
7220
7056
7270
7130
7321
7259
7310
7264
7128
7150
7203
7151
7166
7311
7170
7296
7359
7267
7441
7254
7279
7341
7070
7048
7262
7370
7205
7221
7339
7395
7367
7214
7289
7438
7350
7094
7209
7143
7027
7217
7198
7312
7233
7238
7288
7391
7190
7345
7351
7967
8396
7247
7281
7336
7071
7549
7289
7291
7370
7257
7298
7242
7097
7030
7026
7359
7198
7289
7240
7469
7154
7181
7205
7170
7257
7131
7228
7338
7306
7288
7321
7381
7509
7446
7414
7439
7769
7214
7352
7171
7457
7254
7294
7427
7418
7190
7330
7332
7342
7273
7364
7218
7237
7288
7271
7281
7254
7149
7346
7309
7213
7106
7363
7252
7551
7435
7383
7334
7286
7501
7435
7311
7546
7503
7042
7653
7319
7313
7578
7333
7304
7395
7269
7296
7318
7143
7301
7437
7277
7282
7341
7191
7196
7477
7283
7489
7413
7343
7282
7200
7346
7675
7165
7354
7234
7515
7368
7328
7375
7555
7368
7208
7757
7261
7295
7201
7382
7393
7719
7614
7326
7340
7347
8033
7369
7323
7229
7393
7426
7298
7392
7335
7083
7488
7438
7427
7416
7688
7355
7374
7348
7423
7339
7257
7398
7276
7335
7423
7397
7159
7193
7041
7159
7294
7241
7098
7132
6924
7042
7244
7022
7185
7008
7216
7420
7255
6907
7222
7292
7072
7065
7170
7127
7107
7146
7148
7063
7452
7204
7098
7112
7085
7097
7353
7898
8142
7384
8414
9787
10908
11362
11613
10680
9848
8824
8086
7868
8394
8455
8784
8417
8277
7856
8062
8122
8792
9586
10185
9945
8895
8566
8397
8598
8698
8882
8273
8708
10333
10810
10150
9461
7773
7361
7475
7348
7004
7361
7101
7715
6944
7153
7250
7512
7114
7176
7045
7102
7346
7208
7135
7061
7334
7040
7317
7105
7348
7139
7036
7122
7204
7076
7213
6999
7011
7365
7181
7343
7236
7117
7215
7122
7314
7275
7239
7101
7223
7147
7126
7421
7479
7401
7417
7563
7518
7422
7499
7852
7563
7494
7560
7412
7405
7683
8168
8228
8370
8322
8159
8321
8466
8289
8583
8405
8255
8394
8731
8680
8669
8633
8676
8314
8815
8928
8647
8704
8823
8905
8943
8798
8744
8681
8885
8885
8755
8759
8588
8969
8694
8652
8726
8858
8524
8676
8546
8749
8227
8579
8275
8321
8364
8179
8317
8384
8100
8345
8191
7958
7937
8116
8234
7955
8363
8320
8172
8264
8237
8394
8196
7947
8196
8076
8215
8114
8423
8320
8233
8318
8027
8278
8049
8040
7974
8285
8005
8263
8252
8238
8123
8387
8067
8226
8171
8255
8844
8791
8778
8839
8719
9081
8947
9055
9236
9209
9090
9116
9234
9183
9067
8476
8430
8391
8559
9145
8772
8821
9083
8954
9191
9064
9180
8950
8931
8847
8841
8972
9022
8813
8721
8936
8892
8819
8573
8988
8871
8986
8807
8958
9084
8905
8887
8843
8671
8917
9355
8901
8851
8847
8907
8701
8871
8886
8811
8956
8873
8794
9453
8967
8848
8826
9051
8771
8616
8804
8895
8978
8836
9098
9186
9202
8954
9277
8914
9238
9200
9116
9053
9068
9488
9263
9025
9382
9164
9098
8993
9249
9174
9334
9305
9011
9430
8983
8737
9067
9325
8877
8868
9247
8827
8954
9143
8859
8796
8975
8737
8785
9095
8984
8806
8950
8702
9210
8831
8540
8988
9079
8937
8972
9241
8979
8962
9075
9205
8919
8894
9026
9007
8739
9401
9135
9003
8849
9222
9038
8837
8965
8819
9026
8920
8815
8918
9145
8993
8862
9053
8902
9146
9134
8617
11095
9046
8903
8874
8685
9098
8989
9351
8767
8749
9005
9026
8853
8875
8849
8814
9090
24201
8936
9246
8672
9243
8723
8505
8688
8828
8784
8765
8764
8553
8761
8603
8770
8612
8501
8874
8710
8475
8748
8704
8726
8500
8748
8798
8573
58873
21676
8607
8563
9015
8347
8681
8685
8706
8565
8533
8509
8777
8509
8679
8591
8529
8606
8570
8713
8774
8727
8590
28447
39302
20117
27652
19905
8446
8394
27388
19883
8560
8312
8228
8205
8084
8417
8309
8420
8248
8257
8298
8451
8273
8500
8184
8135
8639
8575
8453
8451
8344
8258
8236
8265
8142
10403
23649
8352
8428
8208
8237
8291
8330
8000
8453
8396
8171
8258
8549
8077
8147
8252
8552
8403
8236
8348
8375
8355
8224
8284
8368
8284
8566
8429
8439
8093
8575
8360
8427
8417
8363
8568
8388
8736
8392
8287
8775
8630
8172
8401
39994
8176
8299
8329
8435
8479
8415
8614
8497
8414
8114
8274
8221
8198
8189
8250
8215
8037
8171
8198
7919
8124
8015
8133
8262
8194
7957
7840
7954
7880
7916
7900
8145
7652
7858
7719
7820
7765
7709
7844
7817
8170
7975
8190
8133
8264
8083
7899
8077
8051
7862
8273
8053
8041
7983
8023
7863
8054
7858
7989
7847
7875
7795
7869
7941
7951
7791
7804
7811
7720
7836
7641
7456
7561
7692
7795
7884
7755
7827
7856
7846
7790
7881
7752
7868
7983
7773
8010
8396
7899
8012
7964
7745
7641
7703
7854
7642
7675
7972
7597
7833
7737
7852
7818
8164
7836
7771
8130
8064
7958
8037
8091
7997
7919
7932
7969
7938
8101
8032
7983
7952
8052
8074
7958
7950
8052
8062
7817
8017
7941
7970
8069
8605
8628
8636
8616
8609
8669
8650
8746
8646
8608
8648
8648
8694
8607
8616
8433
8606
8860
8536
8694
8435
8525
8698
8039
8223
8080
7934
8362
8426
8522
8607
8614
8522
8642
8637
8632
8798
8616
8567
8423
8733
8708
8756
8491
8794
8596
8692
8563
8716
8814
8632
8811
8602
8718
8605
8782
8879
8718
8688
8363
10507
10383
9518
9486
10541
10941
9727
9460
10297
11033
10755
10502
10498
10216
10001
9929
9867
9895
9790
10487
10923
10366
10273
10186
10759
10782
9564
9027
10499
11281
11183
10568
10418
11109
11429
9506
8701
8689
8725
8265
7831
7698
8177
7902
7978
8036
8124
8202
8038
8041
7874
7998
8015
8164
8437
8885
8542
8601
8684
8286
8076
8152
8023
8143
8567
8865
9574
8796
8792
8702
8849
8732
8640
8847
8697
9062
8940
8640
8578
8579
8578
8562
8550
8577
8618
8433
8570
8359
8882
8881
8748
8844
8707
8758
8953
8752
8926
8753
8814
8628
9014
8720
8968
8961
8857
8782
9231
8841
9024
8998
8760
8902
9074
9014
8914
8945
9091
8908
8845
9031
8733
8905
8564
8837
8684
8441
8673
8493
8474
8539
8440
8705
8491
8748
8582
8713
8445
8814
16630
16223
8590
8683
8496
8501
8761
8598
8503
8380
8629
8754
8304
8553
8783
8636
8928
8845
9100
9631
8908
8868
8686
8991
8858
9133
9143
8999
8989
8794
8910
9000
8830
8493
8295
8381
8479
8488
8156
8309
8405
8461
8486
8208
8433
8458
8216
8292
8440
8259
8183
8377
8671
8380
8570
8243
8345
8349
8345
8362
8273
8039
8448
8281
8117
8236
8251
8266
8188
8186
8121
7984
8139
7873
8063
7957
7774
8027
8033
7978
8089
7968
8245
8255
8082
8259
8051
8180
8160
8522
8477
8799
8483
8735
8206
8427
8446
8461
8476
8550
8553
8439
8320
8316
8406
8208
8304
8545
8241
8354
8487
8388
8490
8295
8140
8381
8356
8500
8306
8574
8298
8333
8333
8390
8356
8302
8292
8288
8388
8283
8193
8327
8336
8755
8580
8398
8729
9073
8857
9199
8800
8850
9027
8904
8841
8812
8765
8526
8805
8805
8697
8490
8751
8657
8539
8650
8722
8735
8698
8600
8596
8873
8798
9008
9054
8737
9101
8599
8889
8630
9131
8715
8788
8746
8624
8975
8724
8744
8592
8566
8734
8712
8739
9054
8683
8564
8778
9103
8650
8954
8626
8561
8778
8861
8678
8753
8549
8558
8680
8547
8688
8633
8642
8684
8690
8662
8567
8725
8684
8683
8624
8485
8673
8443
8780
8730
8827
8741
8754
8515
8624
8599
8341
8695
8709
8676
8792
8961
8682
8945
8681
8633
8389
8593
8536
8587
8723
8830
8442
8773
8524
8635
8541
8760
8567
8546
8667
8549
8446
8680
8842
8611
8490
8722
8863
8759
8585
8747
8693
8822
8853
8570
9093
8611
8579
8566
8351
8915
8640
8493
8480
8742
9007
8646
8479
8663
8584
8753
8775
8765
8683
8906
9006
8808
8693
9120
8757
9076
8743
8687
8938
8865
8719
9055
9594
9625
9702
9485
10853
13866
13800
13795
10895
9260
9242
9173
9324
9227
9438
9276
9263
9163
9428
9658
9594
9319
9436
9238
9421
9380
9343
9669
9500
9571
9756
9000
9118
9151
9010
9280
9209
9269
9162
9287
8733
8576
8764
8660
8544
8653
8528
8652
8518
8761
8804
8752
8504
8612
8500
8856
8632
8517
8739
8645
8645
8581
8697
8836
8829
8642
8639
8523
8570
8648
8535
8556
8650
8637
8702
8603
8719
8363
8377
8588
8367
8162
8590
8271
8413
8136
8221
8142
8242
8452
8672
8421
8374
8475
8202
8215
8100
8550
8472
8324
8189
8372
8348
8201
7938
8156
8001
8163
8124
7865
8028
8213
7994
8076
8082
8048
8185
7934
8178
8055
8270
7972
7893
8165
7819
7934
7661
8023
7822
7757
7729
7904
7704
7648
7846
7759
7982
7746
7728
7879
7602
7929
7977
7941
7816
7858
7927
7980
7946
7998
7632
7821
7761
7743
7782
7663
8189
7723
7793
7804
7993
7763
7801
7755
7910
7916
7888
7694
7826
7907
7712
7922
7682
7814
7756
7942
7934
7748
7869
7956
7783
7988
7835
7793
7965
7634
7898
7996
7810
7691
7775
7674
7716
7482
7795
7859
7684
7631
7739
7799
7739
7870
8233
7797
7978
7955
7792
7714
7885
7877
7772
7921
7714
7866
7946
7803
7702
7696
7627
7610
7893
7805
7713
7801
7634
7685
7879
7790
7673
7747
7708
10079
10857
7700
7536
7831
7725
7779
7703
7881
7753
7610
7639
7624
7646
7650
7500
7881
7773
7969
7821
7529
7482
7347
7427
7694
7484
7544
7369
7703
7513
7490
7516
7494
7296
7474
7292
7381
7062
7134
7351
7063
6917
7232
7480
7161
7272
7244
7279
7137
7202
7229
7181
7688
7253
7110
7199
7301
7374
7124
7265
7409
7173
7475
7564
7484
7433
7250
7229
7413
7413
7288
7277
7094
7366
7336
7473
7183
7165
7339
7566
7349
7317
7304
7371
7369
7459
7311
7352
7382
7423
7267
7289
7476
7389
7406
7413
7421
7313
7275
7377
7506
7321
7272
7372
7478
7389
7458
7366
7379
7272
7294
7524
7512
7513
7407
7386
7249
7468
7344
7234
7581
7445
7292
7423
7302
7366
7417
7495
7302
7314
7132
7556
7352
7423
7217
7261
7506
7431
7266
7474
7230
7382
7262
7357
7609
7229
7042
7458
7265
7611
7393
7457
7055
7370
7355
7423
7320
7157
7436
7619
7286
7429
7605
7439
7264
7500
7490
7362
7337
7437
7398
7199
7395
7398
7358
7192
7562
7345
7020
7462
7439
7373
7398
7388
7281
7316
23267
7080
7239
7337
7180
7367
7274
7398
7234
7032
7336
7136
7331
7214
7145
7060
7183
7056
7246
7152
7177
7084
7132
7152
7145
7066
7117
7214
7261
7199
7100
7335
7151
7156
7295
7005
7144
7082
7559
7228
7066
7134
7243
7138
7259
7200
7225
7200
7190
7287
6963
7170
7323
7114
7231
7127
7171
7279
7375
7305
7124
7236
7304
7631
7252
7128
7417
7093
71246
7419
7173
7450
7671
7415
7546
7344
7302
7146
7350
7410
7143
7240
7346
7356
7366
7346
7355
7268
7497
7598
7358
7264
7443
7258
7403
7291
7282
7284
7243
7360
7179
7134
7376
6989
7225
7095
7175
7113
7179
7525
7314
7139
7360
7331
7366
7363
7423
7233
7504
7233
7095
7271
7293
7326
7147
7564
7244
7167
7130
7350
7366
7301
7343
7270
7460
7263
7139
7349
7550
7428
7445
7438
7554
7497
7757
7520
7438
7417
7479
7453
7457
7419
7545
7470
7570
7588
7348
7451
7262
7363
7356
7363
7266
7222
7376
7257
7352
7190
7435
7252
7260
7217
7331
7428
7363
7906
7913
8006
8099
7957
7843
7931
7946
7871
7824
8046
8191
7828
7930
7988
7918
7935
8132
7956
8011
8076
7888
8186
8186
7846
8195
8162
7879
8245
8171
8003
8098
8089
7954
8167
7887
8327
8495
8411
8792
8639
8657
8842
8752
8723
8866
8733
8748
8849
8764
8754
8893
8764
8851
8840
8739
8718
8765
8785
8732
8850
8727
8719
8643
8993
8677
8698
8760
8732
8787
8614
8752
8881
9069
9028
9133
9033
8981
8976
8935
8861
9132
9047
8925
8977
9040
8825
9137
8826
8799
8818
9031
9015
9126
8399
8393
9220
9435
9609
9526
9223
9447
9659
9409
9543
9472
9623
9749
9810
9652
9527
9615
9546
9843
9436
8592
8671
8588
8431
8686
8526
8586
8697
8645
8540
8610
9179
8906
8700
8692
8642
8553
8706
8841
8839
8764
8683
8631
8610
9075
8757
8459
8522
8775
8590
8666
8944
8673
8646
8554
8656
8546
8677
8483
8890
8982
8866
8737
8755
8731
8512
8793
8623
8570
8698
8585
8641
8905
8665
8748
8679
8697
8804
8768
8761
8910
8758
8900
8844
8764
8775
8782
8876
8928
8803
8973
8906
8793
8842
8802
8915
8571
8957
8731
8848
8876
8482
8847
8656
8977
8754
8627
8292
8465
8332
8475
8439
8449
8437
8466
8370
8405
8420
8546
8470
8251
8401
8548
8180
8547
8457
8334
8616
8576
8917
8720
8367
8453
8742
8543
8972
8648
8593
8504
8525
8619
8415
8558
8618
8586
8634
8677
8656
8700
8641
8573
8697
8420
8573
8748
8397
8582
8482
8625
8399
8208
8656
8218
8370
8493
8258
8416
8469
8561
8382
8365
8467
8357
8270
8178
8571
8275
8389
8554
8383
8216
8387
8416
8314
8393
8166
8318
8048
8153
8154
8075
8284
8323
8067
8166
8070
8174
8318
8389
8289
8026
8241
7900
8367
8431
8130
9403
8881
8873
8644
8695
8630
8814
8674
8806
8868
8975
8750
8811
8578
8712
8689
8667
8565
8566
8602
8624
8664
8659
8660
8520
8470
8462
8568
8471
8382
8651
8574
8413
8911
8797
8552
8323
8340
8394
8348
8513
8679
8539
8559
8681
8710
8418
8438
8425
8381
8689
8325
8572
8538
8543
8470
8939
8568
8572
8563
8439
8423
8699
8523
8244
8248
8178
8719
8200
8420
8461
8584
8577
9033
8793
8889
8855
9047
9007
8905
9068
9068
8746
9114
9088
9006
8973
8921
9382
9108
8950
8907
8767
9130
8982
8383
8347
8168
8516
8175
8214
8333
8288
8434
8176
8168
8317
8306
8404
8286
8461
8316
8297
8438
8291
8374
8405
8194
8447
8370
8744
8603
8534
8263
8416
8292
8345
8347
8301
8227
8345
8286
8323
8393
8396
8148
8966
8521
8308
8391
8630
8545
8670
8668
8519
8611
10417
8280
8521
8469
8500
8340
8734
8359
8499
8434
8424
8537
8489
8790
8279
8448
8243
8241
8267
8342
8134
8290
8223
8418
8598
8483
8355
8391
8560
8359
8365
8354
8424
8808
8824
8356
8550
8398
8493
8329
8298
8626
8525
8450
8657
8614
8513
8464
8501
8521
8520
8305
8347
8413
8316
8144
8836
8246
8430
8449
8451
8500
8623
8721
8285
8473
8383
8452
8422
8493
8464
8292
8387
8214
8218
8444
8297
8286
8439
8329
8393
8481
8306
8141
8345
8389
8336
8472
8467
8554
8384
8461
8317
8262
8344
8340
8290
8273
8098
8100
7951
8029
8104
8022
8044
7968
8078
7999
8037
8014
7980
7850
7971
7999
8078
8026
7964
8119
7928
7961
7974
8151
8159
8196
8168
8186
7996
8341
8085
8220
8000
7981
8237
8029
8024
8089
8277
8148
8083
8158
8307
8410
8142
8217
8267
8032
8329
8277
8263
8150
8286
8218
8267
8224
8289
8048
8068
8231
8342
8004
7866
8129
7721
7823
7799
7825
7829
7609
7837
7727
7651
7535
7657
7551
7546
7724
7738
7692
7703
7692
7420
7599
7679
7554
7516
7378
7587
7604
7479
7464
7572
7581
7799
7672
7579
7905
7545
7561
7593
7641
7703
7370
7770
7527
7654
7604
7638
7582
7707
7500
7467
7335
7563
7417
7550
7677
7757
7826
7743
7679
7661
7734
7652
7605
7656
7710
7775
7870
7849
7911
7788
7885
8058
7860
7818
7882
7895
7780
7822
7851
7837
7860
7993
7698
7923
7808
8088
7977
7906
8063
7880
7881
8059
7901
7985
8140
7994
8150
7896
7932
8049
7736
7838
8001
7837
7855
7777
8082
7844
7990
7917
7991
7911
7852
7859
7871
7935
7880
7875
7841
8779
7788
7868
7815
7982
7938
8144
7937
8038
7954
7988
8010
8023
7716
7839
7673
7882
7721
8055
7890
7810
7915
7683
8031
8019
8033
8037
8125
8041
7863
7966
7939
7867
7878
7553
7786
7812
7858
7915
7877
7849
8014
7780
7899
8045
7916
7963
7765
8001
7685
7762
7876
7857
7866
7874
7978
7939
7660
8050
7964
7668
7749
7776
7806
7841
8176
8167
8123
8222
8139
8150
8116
8253
8234
8143
8344
8231
8125
8014
8243
8155
8248
8091
8211
8360
8134
8157
8457
8177
8045
8084
8106
7952
7945
8003
7999
8116
7819
7937
7941
8250
8268
8190
8064
8038
8065
8089
8168
8148
8137
8008
8190
8104
8028
8332
8027
8050
8351
8195
8198
8287
8109
7812
8008
7925
8223
8227
8429
8114
8455
8221
8197
8061
8182
8276
8309
8442
8258
8331
8536
8533
8458
8653
8146
8408
8589
8319
8683
8463
8254
8478
8362
8460
8438
8243
8321
8264
8280
8390
8420
8311
8519
8551
8721
8581
8341
8253
8515
8572
8386
8560
8526
10080
8458
8408
8263
8189
8380
8597
9216
9145
9560
9301
9255
9162
9118
9338
9399
9332
9229
9610
9267
9331
9453
9827
9307
9497
9610
9308
9335
11570
18051
11359
9409
9410
9256
9509
9589
9421
9277
9368
9470
9350
9384
9546
9440
9319
9336
9196
9488
9273
9241
9484
9352
9748
9446
9356
9329
9268
9357
9391
9433
9124
9497
9349
9381
9462
9484
9622
