460870146
516130392
568588350
653658149
665049473
624033220
621563273
568482415
571023316
595346728
649066080
415211469
458106010
448347007
468489750
518548353
518121916
428767367
514603647
510747096
511985874
530414179
557211713
538890967
554220795
531859460
516855356
449767553
526510611
541537042
589077913
572140440
558186446
576627180
577768603
523557393
509949119
506492038
520152836
522193078
469980915
470481043
450451439
433459338
427299197
442355025
586894552
464667299
426243876
425072367
428970133
471630652
441753228
433110855
491132846
503572365
543981273
550901762
378994715
566902156
557389784
514187347
558215759
520872624
508934877
568962469
607810077
774724298
524302647
538728245
528689902
534232168
537891641
523589892
544063732
593863703
577866020
473823694
539033080
517408658
530811961
528923610
607663726
715311950
554210481
407970038
449495016
477218127
467408511
495231932
533430909
526248138
559160990
537770133
526232060
529070177
532094874
525200100
504897405
546339079
524536284
433601474
445466850
522418998
565987575
685480417
830559310
538828825
537610700
483653029
505677584
515289181
336303413
457763564
453160739
479755787
467813999
513798589
481763127
483979249
461165602
556710220
458796384
555168287
536996815
401788331
483746794
469914651
512489705
534406968
478247641
548043813
535244503
534344273
475373721
452121478
489506804
503153332
513118915
513009874
502543655
520669569
524172135
456761921
481458615
112467111
118865832
124844400
126695334
99383766
115297913
140565840
157553063
106143503
91477450
134415143
121473410
125495236
627787773
495985163
548886024
247075719
97636497
90264860
99949398
112469769
86595223
92268109
88960023
86536304
100254840
112237136
156290870
119956945
104477319
119226952
76769086
81299303
86040147
72036465
83500972
63559265
93259078
78429889
102752929
103210155
131855786
61935772
73842497
88963420
84137036
86727418
81513548
93801106
86170418
91113221
79443277
91885995
79375391
74750806
94741155
62136031
85182816
85766209
117354854
100745133
165439903
90847682
106426861
86115140
87485536
105237403
97550244
106392011
91948244
92247554
104945781
237116100
171426862
127870364
75638244
109418561
109091026
111871523
120020764
124921199
88920569
87730223
91475499
91286542
143223013
178750495
212610936
245617772
347407157
447002149
498309416
492118321
494803348
506824515
528606944
527395117
531462115
567286309
579155454
471963202
597409731
564885088
572784492
584129580
602958896
595129259
588112937
589285106
606824037
650127506
652389957
685396838
726928681
661320134
695222369
696077351
648322555
557993169
675185843
487095728
568970891
568168385
526869742
646435819
655716176
646650169
577190348
465323659
455635442
537236021
527544679
532383938
525915757
551311804
536736760
501340784
509354313
522826013
549404961
537017177
552644423
449473931
464442323
439965543
441198846
437130804
455604548
465001088
520636150
531515798
551680442
542764501
459035269
469174793
531191198
617189029
533166270
421442538
456177363
480653105
520824593
538834743
523139282
515606592
522373008
563498404
359349873
402404120
537066849
460668277
470125267
491702067
552015328
442072419
455762503
426235884
441585708
449439510
365313184
525309295
526672689
528121547
182488996
251209564
457631100
450396098
493030722
460613064
489246767
410850992
514126853
549157243
522116228
550964908
519861912
517847408
523912534
520382666
533391799
543534690
560277818
522477755
533370695
542786916
541814346
523581153
528443043
526970527
541947496
522716298
516902945
534314549
366182172
462025956
512884630
453000246
577610582
583077995
493982500
586672294
626303151
594712178
598441814
605580028
574606242
519861297
548420588
576351626
618046742
553248145
567601339
579487936
569999659
338946695
545923487
509549672
510711349
495268538
460569976
499804382
530808011
656725475
567903271
512911768
458198918
475224677
420782284
471333553
566008137
529050745
544646544
497478901
520797174
418137033
454222127
348867041
465960657
461418591
468257482
517330847
529941051
513212320
491515754
125175757
132264347
161003765
67631198
66288201
97558612
144767179
263221471
162181328
243580602
275799750
282758792
283540045
256892605
258756182
290709812
398724307
434614854
669605455
688838812
716168388
730649814
639509152
661122381
716101054
639507471
670730490
646842460
623268063
726464625
726473673
677185218
552291244
520124682
549696826
695044482
521904495
461019638
512015393
529592190
497659500
509730630
541654854
521270173
526698470
511245139
370852998
561855801
533592698
76801691
100581950
77422185
72510239
83045379
76164440
143458646
216371122
297508201
964637041
171859849
429924860
215620071
91948902
98691844
103235924
158376369
262319670
391630005
136618440
161589711
162584210
159990053
159128309
153882428
139186140
71313900
69701787
73108963
86669928
77001625
86826053
79494160
77424741
93915128
104047961
167322989
158556018
98103728
131943085
316373234
88297601
85273910
67793645
80905911
75374626
195463619
132962866
135116225
160703983
167795037
147035783
406205691
140384050
172367429
423589143
151844201
134150765
99233052
63865745
75999800
82636365
60159298
97502810
188696946
108670279
114228766
249536968
95744636
110311388
62460495
34542074
36674156
32188864
37618054
104236920
144027735
156928944
98645878
107807207
90340681
69705522
54583342
83069121
67324337
86883013
75644552
167481880
112682677
81248893
76931924
58972417
70191047
73600549
96722114
79185610
91554995
108379837
76002627
62384102
76453708
70565036
66100652
48149718
66598584
52773637
96620781
57623306
67026894
68279020
67895887
78142220
68996731
93116477
68980965
65500684
66774054
67877662
92261801
59441713
321194574
61936220
68879718
103760001
74506402
70383695
93021667
73750150
66355036
77302552
169933080
104837382
108053237
165918223
129896235
72910571
81411982
90078398
128681212
256810164
234553494
174210469
195342839
154903877
238746069
180105021
129752050
113528337
118916676
107385227
76760880
94048245
90603641
76378601
75368949
80586111
111133616
82322934
133057513
143960355
162709507
74895383
70201740
71684263
184638656
70751668
113258686
153527861
111373719
54447981
70937216
71005097
53429785
67668998
55654997
221376603
82082420
78648995
129177296
66280918
97184214
66397607
90344401
99321668
66107976
96682405
100224137
81497885
70884288
79466584
69323141
66147226
74903205
79268671
487352922
139483979
112255411
69195923
63068621
71867798
157325615
94104328
91093299
49869273
63002588
89032157
66409867
74362798
68547988
50899608
59472176
73341484
64677864
86982696
89280932
75125298
144259514
246144879
93865230
101064503
84700382
77773112
87550818
81328469
110770467
99711754
123795458
79687563
60919076
80068332
84102197
110505717
88175194
58256282
59206146
53900751
57740574
63791441
88745502
130398379
157082289
156361125
118042055
131306578
89217987
120195446
97168017
104557365
107779185
82768115
73440875
56864741
59773675
76200000
50640761
64432722
130876215
71025161
70415255
89108402
87375504
116987432
98590992
52105361
65615850
83493564
70156834
107508276
121535205
70940003
107891475
79109667
82296313
68884408
552638810
63353285
660428690
187844674
54620156
55667840
53625459
82976514
75465497
75146869
70515816
72395577
103109255
90373075
262171503
85473786
88643887
112031378
125776330
115543155
102471278
110635999
91911511
79340246
94571117
74705749
72723495
96928946
52326910
108916683
233380264
95214097
91703205
74364625
84839230
92798303
78517016
98836552
144682748
217536515
400425986
334338041
453612379
316949781
157726972
59020878
87396240
90323887
59722711
73079572
97020084
58749235
536179213
53641341
37892459
47987319
40278706
54005838
71415336
46583798
83968796
75657992
72679700
57510628
532623685
151182904
116441537
202451672
100752085
83723609
85194208
127235073
95692430
92272488
153526046
133303430
178199076
125118205
172232090
150256408
112466167
123058182
227411303
180214162
151062388
131770173
154633188
121005268
136825159
188931089
132542406
130263986
131329734
174519012
220523965
191509915
116746094
106872115
121351727
100700350
76904851
129965015
164196828
143295997
161234702
98958275
124052862
125977426
108321723
106186390
155874391
142067357
164022560
144582911
412309942
1683408621
429337580
192491387
478505145
465805292
707703325
191336441
97532801
103666900
158513242
109081255
88329533
83852801
130932191
126254362
92880613
151288799
154853620
141548150
117501259
179537082
140640658
109350504
222457857
156306038
179097722
137379970
165109391
92667439
74919209
109456612
121176390
116222862
151303356
133318056
129912075
102625493
94974030
96951395
89642360
87148425
126894082
151927924
126754720
140393035
149768693
231193395
236853341
244587086
288059467
343396378
410664218
449771082
547644797
597259471
674327857
769376792
824966423
960535471
1016075413
1118587853
1255156666
1369520511
1557881879
1868412245
1824807129
1917522670
2059446609
2181279222
2325739186
2508308150
2732565379
2865248364
3090991451
3295167873
3426952549
3621934242
3852161657
4075915559
4424308097
4411169021
4588967187
4679738882
5052080994
5160732581
5309145635
5848892571
6370214219
6940342992
7204968031
7445404709
7450746557
7610310660
7848585186
8091935997
8533669296
8186960409
9472057600
9717479423
10287426426
10562147757
10750099259
11492299997
11650602049
11868074048
12243264399
12735147978
12928655981
13578917154
14223419671
14713603227
14766822202
15477261303
14394125731
16718467444
16652599030
17049773323
17830735435
18485204474
19137851875
19043262769
19556076590
20362015329
20610864038
21197329855
22440710238
22605022437
23473246828
24226107408
24690374229
25001609214
25004995946
26356059888
20580030235
27231244280
27911668311
28063486651
28564722885
29154616489
28990645411
27903839753
24805418605
25441915564
25778874808
24686628388
23505754558
22444114658
21690901862
19883073625
19031666266
17581966501
14373641942
16092461505
15274262899
15734728029
14825571778
12772563369
12946766143
11892592199
12159103001
12034849922
9624688654
9601990801
8191629374
8632572124
8024493293
7345188022
6829480369
6303469032
6551002491
6045932194
5108089565
5003621245
4919330789
3984420773
3417414145
3005139550
2941324982
2869075567
3180119347
3021392417
2486284591
2350177916
2266125557
20326429850
28092334231
28346222208
28976503515
28986967182
28767780328
28467360707
27782807171
28897790298
29432024884
29896214801
29592506815
28535385450
28249230153
22355209733
28215194949
28062318472
25828756861
28109342870
28728957618
29080348255
28668558604
27678808875
28026843980
28082832563
27670480324
27382720056
26946686883
27892028686
28664360106
28601450786
28390407330
27142801095
27901975656
28060866402
28290408126
28814422900
25881406765
28099809973
28636280480
29027643572
28668262061
25928104372
28024125039
29091727955
28531448366
28735281268
27014829677
28114555145
28484749847
28434137924
28236835139
21893822510
28336074157
28682753802
28353946026
28354080857
25757580173
27682897770
27982264654
27421328185
27973255720
25252426243
27261098440
27928923328
27591169165
27309366870
26477175422
27130937235
27703800458
27500009092
27516523381
26263721607
27354655268
27969360334
27717625173
27168257718
25126113475
24515247191
27688339792
27516015257
27747977121
25301298514
27362415025
28269321859
27688219566
27171047142
26203079997
27948710881
27802070862
28048302449
27666379313
26761211345
27728158427
28047715418
27411469528
27597854325
25115284740
27099612538
27896456436
28261909720
27360409884
25187769471
26714599433
26681157258
27344597582
27191434662
25988300428
26797435989
27292360018
27261320673
27567765242
25199057228
27142986461
28026801717
27349036930
27458789136
25280859408
27394864378
27664703614
28085296410
27528411939
25888795514
26899420490
28110981690
27278173755
27862724805
26586649407
27579612889
27477013701
27929200655
28501041476
27012417556
28186060748
27684424393
27454464036
27213932429
24706848440
26935832642
27390232292
27701726306
27426903958
25745470261
26815034780
27750751246
26645374131
27326196827
26010217711
27662477719
27064499790
27164330072
27181503074
25685097871
27046471474
27669439901
27575797606
27546466452
25784040002
26706003554
27467360133
27829304530
27827516587
25304391957
21005401264
27181469665
27156149974
28028510523
26297317721
27402022293
28018405368
27703722123
27442808160
26504339779
27946606193
27626511907
28075865348
27448184953
25552333470
26475764860
27208418439
27417874455
27345114101
25203135068
26695409390
27399713467
27090850538
27395023700
26085776448
27054847580
28425059477
28133883435
27252899200
26269281175
28094034721
27111841041
27261734676
27115953638
24022042110
26122222236
27272583856
27176346580
27498171072
25378611067
26707958928
27953578081
27330686349
26565646812
26199828490
27857482797
27800181381
27654706578
27927616281
25983326655
27794868695
27763559175
27651552941
27517146568
25873564666
27324257323
30020556936
30073793358
30148275565
28088458552
22843393887
29071361811
27490328236
28035887989
25904347520
27696223558
8971069848
241784842
153866515
162286625
220176869
199460960
198072349
186196636
270649707
344137203
358040234
383732196
379911008
378748160
208963972
113379257
84969406
86812858
130045115
174112525
78362242
88529549
134551459
74874326
54432986
142292401
143721034
117990451
123276262
151119343
69033536
56774778
126880616
112833859
106276628
187801784
94093558
128209032
104268769
151544124
302920637
283235704
264346237
291088603
102063899
146049731
64932488
177505837
193423567
158527658
127380212
112948004
138245577
76572404
75954656
71802353
86557963
136109035
207871130
141361766
133125142
119893200
168520697
170487631
173477305
184555157
222671185
240468441
125647346
157740942
110786771
69450864
124544293
94747853
76657398
65230267
51630900
76740093
95396306
146199012
148195353
117868321
80931787
76261653
115265475
114736493
282626719
276101372
77638868
176575957
146108692
120867431
566285562
240869811
192674995
112004347
68709165
74058544
79568108
51331694
88871397
133728270
120712527
131811807
138603024
110799501
432180776
682620201
680727465
730353337
740314094
442398192
288232772
338260436
381457393
413714899
399445214
396177875
390406859
404086924
408301998
402269079
552848136
450767097
442527448
428334640
295798207
234604947
248804532
298456758
311926833
351861862
289399721
276824098
233806799
226603550
219082305
211809730
215245308
235124292
302481168
387415870
278067493
163691300
132123129
151326586
98812000
102003965
115743724
68031080
295579294
51531889
46564870
50398248
75502773
157446659
158682999
172982775
156469703
90533388
101594081
111932775
139168787
124449555
131257072
181994411
138945926
119514861
116114754
53455210
110173827
172602847
152110416
139391597
91490200
80808205
76954076
65715400
71301341
129281515
136706000
152719697
158540453
82195646
90469392
65987876
51074113
76646324
110461307
115804580
87900702
96804898
109835304
100369347
75369721
102108241
108702363
110758306
87872432
62862647
64405546
51016296
58531444
56706182
131899801
78409451
76115378
127235373
153783570
132292720
107617867
63128078
73507571
79490737
68746714
131721501
144746272
113495947
337062077
70216103
68886897
90525516
333716121
98147618
190025170
66781129
67754539
198771320
128690932
180448573
163835364
225593181
269271493
290824260
208066157
236906430
254768107
247906786
319592578
255581081
176997779
149440756
66703949
83115622
143184478
95264625
129296978
187675680
143337322
78238898
50837718
54637501
56321426
59531469
61468556
56434433
60017075
54838608
52987687
55808631
51180102
53796995
43453750
51984536
84320188
46889787
48767510
52387342
53339641
74337390
55587908
142855177
38236529
52556086
49065140
52097031
45951416
38722806
46798607
42364146
42386725
98475025
280778815
511437694
194570742
98732569
96702496
106420748
99146705
109716559
102582931
97416942
103521940
106701413
111100558
99114251
111938936
97471433
105499307
122006567
119113911
106952943
112457758
108837108
133288837
106716882
115714985
99910748
115987753
116116042
104936011
106545302
99056882
116561985
129989812
113704527
118034082
106023697
116190394
113374526
202352862
199266919
171173446
185764170
177985656
178503483
124416446
106968556
118757656
177729390
101656243
119580453
171900441
213537582
205850792
226524621
222928876
73470553
53938000
45796854
139498826
93535897
132641071
143213065
185967601
125197461
74782621
66602141
103364144
141027322
219720190
170558739
207847479
140021899
64831556
65582833
136298705
127256712
113993959
104052738
81074071
71601970
64202548
71353450
54084622
63488110
91738706
138882163
125265509
180018854
107835856
55823435
47132088
73113171
125603969
134428611
117804904
118939752
127550072
159090818
254968522
328460123
336086968
264040699
155065664
129604700
110844366
81273379
65651743
96929567
162791707
198341233
157389041
133554951
226759621
102389460
103937053
93334910
70072894
163539333
69046072
98777112
101095634
91075198
120744927
175122408
134867870
109606739
87947866
80777262
76194421
66330426
56201750
65429747
57672584
56565229
57367601
72330936
57610268
138992688
65560944
73547746
60999233
64993243
59406380
65748299
68683296
88421239
52232453
74607571
103268207
52358634
55149485
53259644
61643911
65675995
134318924
181765263
291596610
227394788
216539961
175527342
170284971
162185759
213879873
492546262
499022018
411837198
321657979
360522667
321583280
296845446
298130176
284228405
296883067
402358499
440139603
269443397
280526452
265552621
274133855
283273649
251579473
254026660
266224804
258812330
247927992
269369472
257328649
271895838
195207104
71043905
74906702
70687005
73198270
81651237
74707462
80421972
99920529
117486457
148752017
165428328
136143734
160857609
144931949
127554015
135684165
146682922
198936572
337869363
330467587
237993563
169496185
216996957
340680789
208905089
474851770
417265740
544180800
285097103
153139502
194023983
80988541
68713031
67598091
73651583
100757458
78184166
70061262
157499722
73641729
129557693
89958761
140367354
66109588
79417904
85863715
71396223
65191750
168398424
75228821
93749671
68073368
70898631
114805757
104405318
64397268
61330377
58782874
65576307
152705911
323906398
72733355
76581975
69364400
78214488
90559754
125258046
124583691
72802063
87155469
84094617
88283315
89883897
90430304
88015357
98116335
102322273
178769682
133382398
128331873
127326277
123994749
70721181
79226007
81366426
80467077
186765270
98918956
129115370
92594170
151666947
243490318
245598472
171100876
187580968
193164502
243965456
189571106
175656507
210563319
186464343
205564991
192902632
182159518
266439018
236897206
217690267
210733567
131153588
166186353
126016193
173675729
281290875
229093843
233808850
159140362
148405673
144802790
185360140
240482532
246402448
233584080
229238614
178431340
255026828
132937513
139030726
143613048
145004537
126507704
81551182
98163338
252171222
202245847
253063699
213371479
181640319
456970059
523133816
390458096
656442813
553293623
302064271
267219791
235889149
276302612
267328716
134198525
187113264
332430886
255276685
238218030
270941454
243237490
111238250
57502456
97669885
139259697
140053822
118264783
136663146
92593070
108207307
126158736
118496576
95765228
166000633
177135850
110875059
130285266
116544828
79367133
78543293
68314629
151537077
517787932
82031208
112299564
126784974
92697208
83697568
81534551
160774634
100228048
88114951
104240039
111017561
61934194
55411733
70097695
71954033
91132512
65066615
81489778
123805318
71010461
80111700
94211405
91156191
59666607
71672135
70435319
57231139
59707030
51837704
63726618
52566985
60109825
72004054
82552271
165395015
138041826
128687095
137347507
111065433
135105399
127675957
131318766
213375521
227102152
147584686
172796295
180051789
182788042
67741075
92873712
113587297
127131260
127459141
111720944
126517513
149733931
120416029
93273720
94352137
174945636
189306006
194589063
146651952
306392743
492744782
410344566
406949241
461601741
133307319
92467961
95560772
87182373
150514212
110710384
150552593
150516807
130739765
104703407
103209856
136458006
154067329
110259057
122126050
155261025
186364435
131709448
111757694
139901929
139152265
148259337
123942891
114801626
57100378
52772571
66150264
86761621
165055778
103357761
84223429
126856228
65363240
65872729
72363804
113466016
239945252
387406087
93136993
262912063
439022446
144242007
307439783
452972897
459185667
474210211
87263894
394670738
170164621
242618117
210033852
211734116
142060711
185996726
187970613
138351280
99836864
93424191
122527369
138643920
122228286
82511798
222885568
413898161
363453494
384793228
324742303
138793159
52248405
66605792
85727462
346604655
423085890
519814591
426950761
379961027
371316133
198781080
163766535
114476722
105791093
100728715
94810152
108216269
135017134
118499127
116978659
78605431
79810287
79773006
81276497
77155726
81249412
123875156
113460624
102930492
78695858
105106846
70684673
86673303
105354802
73209036
166097208
126627640
165204949
227106752
522502886
388832095
314516841
117685487
119526106
64990413
87564111
98008282
95010478
67463244
67413347
76549083
81998140
125748702
100653727
108762761
86878452
73915276
82240428
58920264
59821985
63312687
172501904
109767830
118888670
131057826
464160338
96679206
85311392
520942932
418851662
147791180
144899019
645259815
486095619
131085925
114440994
275890439
703561526
759051100
767477550
776661939
715824807
695887473
492632376
501271535
567392105
526875683
222532188
122611437
138351166
128147122
98316558
166372395
137339436
80410847
84112016
93263460
159380468
444971701
117612422
170360941
290919978
538068283
132414116
76164646
419068846
399442944
164393393
186831215
135570342
134473963
65482550
93028937
139984435
172072791
87913409
63118738
52400323
52810480
56239621
62220825
69015050
83123107
136341434
753160654
303663453
58902763
104127416
68753633
60269503
62972687
61916639
83606273
117031755
139793026
150349396
152530987
133268659
72918633
65713404
91091921
88201808
85509010
80090352
71665445
72058912
109778037
75055008
75997684
90732195
56020594
56978473
50622082
57353597
86227186
65709108
64733714
61832998
50151107
151532167
101070431
221273233
218324312
243451812
1080872289
362017430
209571579
266941306
227169417
1159933990
1135409169
279568813
137686813
163487318
697514763
982637523
282184426
84914617
120391691
103601444
82157417
74574428
99118167
100068226
86272759
48682202
64739520
61965263
78483657
83707498
96776338
112983300
103225108
96071892
56582798
75868381
55190657
221108812
333618189
177156883
208926186
177473659
265008877
193333586
125381555
155539182
119245599
95843850
71427454
180050805
336011390
120462696
415988295
547397345
195651013
269291436
113079968
64092179
149293493
309790339
606250922
492691430
376516118
318703327
171317216
291916583
493980077
136524092
198474959
683340390
313933323
201481206
260725736
198264805
130153507
102873212
220351384
618663586
207914117
133105341
138571711
137506838
83743258
77727525
69592742
238813540
268527572
288793409
277741196
271778065
168705073
62296703
82073856
85126157
64323643
66671502
69279365
59580169
108480711
127591704
115021729
127867244
115639177
147696061
239722554
322343681
225037276
214755739
201539807
119846145
203034725
169230775
162092804
213055710
220978540
248815069
311439538
280580735
268078256
176816491
223330564
177428264
204111650
218390274
245761019
165203989
145035665
79512090
87391450
95950946
74417924
84696611
110998448
87412819
103426825
103644092
85790550
85179891
88743352
100672750
85655607
91606399
80944448
81735378
83571875
76592416
85725212
118898008
134813297
246800755
158983485
81590732
183408353
158318085
95808131
157095499
92159034
133370936
82145434
90879184
69170303
58441083
53282763
57643320
68852858
59844690
50158805
56869490
60410953
48702853
75845389
61352091
49306663
104822484
264905874
262788098
263315975
115050238
119066741
116142212
125093491
158607362
120873191
110248776
118200971
111751514
141231611
111265937
115832172
111501229
126216081
121685540
131139390
209497104
264889852
105404106
105526883
114707118
109317870
113809872
97987679
119964887
126370217
109993827
120133024
112089796
110578405
114855712
111919854
111320694
113161101
116968199
127457025
112890012
101994892
195235108
108567452
104616830
106146652
111487607
125239422
115401182
118596576
171137239
220696856
152669373
129226910
279373704
266927411
119591084
101956802
94121836
107278261
107332485
108393428
204235679
167535224
100866357
115019780
121444322
117540937
119315762
112438171
116339905
125169701
130094797
118979595
135006791
117461921
215678012
111054507
109858918
121005506
115878008
109283655
106462911
103943467
109767837
159659244
104057719
123273090
118591325
111740719
103988942
129205096
123942332
127914523
129931547
122932365
129659396
116793954
126872639
114091715
115681611
114000278
120471522
112527741
117191013
111241611
113528773
121780158
117601491
122524322
135413676
142947982
142119206
101897182
166024333
217412744
357494589
863905227
728132145
520114170
464929822
139462836
128827785
128682783
393027207
224235605
47323619
57137015
55975632
64324863
50888580
68819239
94794169
85748901
56677679
50126959
80261329
56205020
63276463
55191688
57317993
68310832
61639129
63880192
59088641
93179205
106945652
150346047
76110175
61664135
64954514
92239165
79116451
70194503
103284103
57007610
87778308
80120383
63051769
60491118
64790493
66311890
114048453
84580009
50896719
103296981
99222825
90388157
139544974
108410415
80329137
62427773
75643876
64557588
111693165
99322308
103419017
113411471
103496308
106416744
97462869
88276568
93120612
118079472
91372283
80383688
89200473
95486564
94644895
104039808
80520214
82612292
75683201
95739135
77921755
74442009
69296541
76032989
68877352
60608913
68535516
171792174
233632851
121691470
120604990
129563492
134305759
126919551
116495485
137800804
133071108
127566906
128559972
116029947
119847194
112197217
109053778
136265575
115278427
136274607
126458046
115252081
105769841
105917844
107728787
140063838
105338284
55398035
62350438
68106359
67381314
63737512
65301150
75046148
61477658
59504086
140878837
51525570
46863285
53407777
59785747
76491376
69165175
56001289
59864762
51455933
58697933
57553056
63780002
93955973
59576510
50029730
50678945
61953525
62119085
94495721
94060664
134126803
165458683
187870281
217456432
294675037
314727563
369572803
403198833
500840450
541045833
619657757
699119509
804826494
952152682
1038884065
1102706965
1275727688
1345175849
1454444797
1624856696
1790826791
1950783314
2095243284
2229323544
2412269007
2538526258
2703521000
2806068839
2996653771
3289558579
3481037221
3612876120
3892802945
4137982314
4389898273
4432185153
4582381557
4712665273
5044604510
5170353835
5348477760
5817054092
6203041987
6836490554
7164501942
7392265674
7458507075
7623269541
7797493747
8079734792
8481643078
8239487240
9492676984
9711907628
10255732618
10501735683
10655515766
11401318141
11625584811
11895177470
12271986266
12753483941
12945561745
13581825155
14215281036
15248058161
14818207232
15381000729
14276273473
16651122524
16603926172
17012210876
17922001588
18657729576
19492726328
19507145295
20017491797
20765239603
21069888632
21659035968
22939701023
23113829592
23963216416
24679791407
25116876888
25338063703
25292360360
26725275185
20976324163
27596065273
28320388152
28455446538
28946392329
29587646543
29419277814
28305279590
25180318832
25872719652
26131364782
24956143582
23721596148
22761525281
22196762709
20431486663
19409267813
18040464673
14825720501
16458888927
15674508177
16189850059
15268020233
13216887931
13335650700
12131419648
12605040237
12419725408
10006678068
10000410086
8576761358
9164025123
8472033226
7833470172
7287917376
6756730363
6993346727
6449377587
5574518224
5449228368
5356120311
4354096112
3836491955
3342412718
3214648917
3007489081
3316562291
3154589855
2632172147
2407048648
2443845283
20751725454
28581568023
28767158558
29356882549
29368412661
29065836970
28846459277
28230257446
29365544730
29891073311
30164064461
30017232886
28954963552
28695158754
22791756442
28625290510
28642785471
26313304866
28542970712
29174670843
29434109451
29115484985
28123717266
28302480333
28417467132
28043951129
27765179853
27469209051
28348732518
29113723722
29026035012
28837139487
27569749341
28334828416
28449396026
28682843607
28983595496
26282798388
28508921965
28988731760
29409817623
29046356977
26389535962
28378870464
29487969323
28917989540
29095736003
27436488448
28459095629
28843340785
28687212933
28578573782
22265830070
28577533491
29025809695
28639181097
28767666587
26158900975
28138381545
28646139686
27720228017
28220452664
25595765038
27604521859
28293091034
27993226864
27699096930
26809854300
27531433742
28127086150
27903612418
27942881715
26678759511
27948336010
28515056224
28301096118
27665429323
25612823391
24873020898
27958600890
27986527970
28117262924
25908771366
27994208471
28994932930
28377015259
27753578816
26877171661
28578988931
28201227383
28501219311
28213245321
27257787828
28292872141
28589262543
27951921090
28108044832
25762507271
27684663950
28308781092
28654894892
27890699401
25744898438
27099736935
26942640263
27531585777
27344034119
26130545714
26906717183
27406010388
27386737312
27670619480
25349265902
27242087405
28152056324
27461119376
27503696112
25419993174
27520534759
27661015042
28278574165
27677945785
26008572384
26992432574
28180667201
27371444124
27896503794
26520563629
27634980398
27584224817
27815296462
28002018941
26001775334
27284129133
27760377102
27493797881
27255734667
24749410929
27021931037
27508199831
27553218367
27238078846
25691222851
26769736235
27692625484
26620866110
27338073771
26018191239
27662066456
27062629372
27163811346
27167274948
25685994366
27044602288
27656487538
27578053637
27558591418
25776377716
26679737489
27446336516
27824340310
27756711671
25279788878
20980271700
27100575073
27130733648
27976617758
26269346584
27383880574
27996581007
27607012454
27368230603
26424521863
27910225296
27601430089
28047741946
27445963376
25450216250
26326585644
27055125461
27240081896
27204314102
25152990914
26625901169
27363575307
27093302140
27371765070
26039327359
26977600073
28344942641
28126564049
27182984839
26229005053
28035640467
27098012210
27242627604
27054369002
24015181137
26110095851
27226207449
27110324536
27403150477
25311194784
26637829674
27841248944
27274839679
26498242802
26128023590
27829656307
27743179522
27643692473
28061037956
25966770070
27755179702
27765223889
27638448124
27365024633
25769481531
26501394726
28692909915
28359498329
28363753956
25996730189
20875900950
27730964415
27232036123
27898017817
25802048100
27578498164
8879754674
67376570
59301821
60804316
56929177
64662071
61175109
62250497
65415390
53369494
57159494
72840052
69951107
54648043
58922261
60213178
76561856
61891960
49140737
51255171
121582961
187804921
195970129
402342906
387648606
350796412
391980631
288359088
97756752
76943729
73245893
91927587
146164349
143257794
118175743
122797128
91546781
91420326
124875201
85135895
90657431
105263990
123838690
69313537
49390556
53190376
57540614
71929708
51488305
43844666
66301137
61730529
40314236
41050701
40480214
48603883
82689357
123722808
51492543
58164983
45752734
54883745
45128855
48015927
56036747
77377728
206122970
66180980
80125232
159306872
119687241
130225696
113044094
92208990
127199770
68229569
78993762
164281074
174836979
117952725
70304927
123023095
121871275
91304565
67508639
130500776
175828925
69345578
100341213
84249441
71882257
56562699
58922645
60958746
54525753
66761297
65409714
70146732
82006862
66454859
104792674
75480172
69477146
64505342
102442093
110899745
94734464
92880471
151429768
175900368
172470454
119947764
161559286
176200456
132467779
117300929
105440310
71050088
68812376
72113301
54014782
50396215
58044626
73852350
56427611
55877042
75583840
58038918
67835071
64512033
53152447
68253858
67330926
100907272
57509204
46861415
44038463
74952032
64645820
55038697
63733699
57023430
60089332
129244050
56535802
40624122
45586029
57323342
96444356
64984458
115914482
60863329
55799688
54604562
52443799
54867401
50459836
45893647
65334966
70759907
58746741
49978622
67302462
82784816
79302089
68284481
62900591
58479865
57876337
59265750
56775338
94626137
138756496
152581370
76691573
55306495
50238313
91319308
66744383
58296002
64681984
64374320
58604513
58490677
46391494
50487346
64657709
67237935
59488796
63420901
83561724
129708292
124789416
98375792
113530524
123193839
237513529
513619734
992978546
1100538562
1049384481
684809299
567972730
93611269
69078381
62247781
54236100
67012474
65814521
51586751
82574332
49530162
52590877
50067644
50567287
54838303
60059838
52373533
52072740
51105703
69825013
75034166
58277844
86042841
136080946
131633665
126011249
119785747
73672276
77627830
55576004
82781333
108553314
140122364
114219888
113332841
137400094
81246226
69007039
50740862
81323468
139789632
115988912
138684335
132003896
94748307
49436498
50597505
60050452
76105190
89704927
69914628
166450033
66678962
54688882
60003037
59039961
133002689
267149672
374598419
236597662
190306565
56809266
58421437
65830625
100262422
57875236
57278986
158469239
135190102
140759869
329532945
248469059
74901006
125688764
150596306
143658932
129752457
251929701
204456664
154559291
151849022
217309030
179303271
76726524
165262162
136152662
101186762
79664845
108857979
131118151
90252168
58397301
126814205
78516956
52674699
57573680
50452971
47489241
53721951
75959478
106291478
46604367
44545485
58615865
52061247
46898531
52100057
55779461
59961113
66481015
91541708
82040274
91408257
146620478
501105000
144341455
79132063
65020364
68759701
159579538
67855951
145001565
132229077
148453181
158300313
148064545
84174894
86442820
101593599
61783691
163285130
59705545
50853088
57407194
48605082
42700154
45170429
61151768
44572907
50194442
66411971
43796309
106361277
269703180
113922882
138918943
102548812
99021617
85646736
52761924
53435462
53776229
72336019
72835972
78117082
67508598
69427812
95115273
79190945
75986586
102925974
131904331
58768838
177430261
78113047
69103681
65338698
136903094
134246756
113579793
105408418
140243345
79706243
47924484
82450565
328988276
117214181
45555174
46707449
42478615
54857597
46643298
53744723
45634511
59926297
61257990
47707547
49902849
56441826
44323481
81510187
79626347
93521261
44573639
46913028
91408446
52501923
89955235
115316838
138629933
166756809
147356461
152956052
68738336
147509702
135502699
104194364
122226762
117878166
90620753
48899853
75097578
141325481
163556910
172558896
260740953
361399104
440324888
487747892
779560427
540881791
519098505
502789399
498528011
509568488
501041944
512185730
517670739
502160610
499381472
530812364
518999214
520221242
430632782
416019687
446335911
431762852
426590841
325924410
436225682
572853785
616308900
713734872
733790987
671491927
673151426
612912752
632811296
606950053
458330547
443941895
499317586
508546590
512796351
463290600
395755390
445894245
806647098
964804061
583722394
519669701
488591592
445749410
493765586
419599132
434105615
536443352
588386636
491419448
362005541
407802673
446104068
504111523
494601459
502553347
694391539
621688803
422019787
421298136
437806588
462667770
350618549
493556500
672098674
814002246
808661580
777061925
685783262
576606959
574456532
858672023
736881738
503030235
758943421
508906404
428166889
500224983
505276631
479227918
453259059
492291045
517726720
523506652
538539385
533609410
557186626
533565471
567906538
477755343
285538987
456044150
493889033
480002782
488583203
497785069
478840515
493967628
504650277
504613783
474043382
503293950
436653726
601856164
625174216
423180446
420649936
409792842
473218439
483127861
503519907
494378779
483703293
492692132
493807989
504006945
502904118
498710828
508434961
516215503
532923854
503739224
511636868
470610181
504670132
485048409
357848932
473844132
510269076
503310469
503136615
507410309
503349641
481489208
504108471
487059004
486580493
488933427
336757632
409733773
420407949
434230760
461680069
492858225
451382107
555620987
462414802
488619319
509470542
560260870
488463387
515700816
491776130
490306907
491990068
487305784
491067753
512999878
495058213
484147065
511566749
498259151
469484597
513508285
485516916
682921117
676994440
428993812
200727723
63495277
216048824
344538493
303840055
351604030
295248620
105746838
402494894
356694671
268275673
326273337
