1.7744806966477526e-42
1.2259846842294587e-39
2.7215981320722917e-41
1.13050067352372e-40
1.129817402383706e-34
5.511698527385845e-37
4.615110241297117e-36
1.878264102204325e-39
3.9537458534404195e-39
1.0923182448639011e-38
1.0157352876117871e-41
1.2725199558168783e-28
4.529383836798703e-34
1.3095404919027264e-38
1.3437594546105814e-53
1.3662444946638418e-75
2.0841087455579404e-69
1.506759449447857e-64
8.924813964492308e-73
6.430658473038706e-74
1.0148054550023316e-62
1.4281173466059702e-38
1.1172677559066463e-37
1.0076829279950424e-40
4.584853590260368e-38
1.1435406592578821e-42
3.2662691311790164e-44
2.8230839660351677e-39
6.511616512000882e-40
5.170465720407103e-39
1.140152112817249e-34
6.696195415911187e-34
2.0531559731705346e-35
1.5154976325325635e-39
1.2280956376781558e-37
1.6513562407410497e-40
1.8575116427434536e-44
2.6572310169948733e-46
2.0521552124505584e-43
1.8070713614960452e-39
8.747666457800228e-37
1.2584513133491174e-34
1.0480569889133835e-37
4.002768803508554e-44
4.7105094916466336e-43
2.1353928583786465e-47
5.798204123731898e-41
9.224636329402993e-39
4.2617475307484195e-46
2.0397917569334767e-50
9.838124673846484e-46
4.938672065931913e-40
7.345188128168034e-45
1.6064324173250162e-49
3.112032836327633e-49
1.93848593622122e-53
1.0554757980345429e-46
1.1950193884127627e-45
4.3228715549771653e-39
5.687381970520139e-44
3.870808597668676e-46
6.369001002950514e-51
3.0416861508442157e-45
3.952387856175076e-47
1.7135745076362224e-46
2.19680388565152e-52
7.16619027651696e-45
2.940992500804677e-42
1.3650619025689988e-44
1.1918842586704965e-47
2.5068866674147005e-50
3.2345978430043916e-49
1.7586758181277806e-48
7.825560999000913e-48
5.959761747158639e-46
1.6150331546478905e-47
7.128788551216645e-48
1.6186058013544283e-37
7.596441879795323e-42
4.953985849560392e-42
6.144349175838596e-40
2.891806885086748e-46
3.986002721588272e-42
8.242346698075336e-45
2.9571307597588763e-41
4.5895929366757843e-36
2.4137422837984664e-46
9.714978508802706e-39
2.0838533212054796e-35
4.7997918377259046e-36
1.2238645516983138e-38
5.722156490076437e-34
4.331951033342876e-36
4.374972905513349e-34
1.0444637568832054e-44
2.3795614452641693e-40
1.1830347357431148e-34
5.128024454552784e-38
1.2190617351273478e-37
3.162051262309558e-35
8.492946935508336e-40
1.1375366983243259e-39
1.2748529712310678e-39
1.4577350202781883e-42
4.0466722089073754e-36
1.674975150301505e-38
5.707879914355033e-39
5.52744124439353e-40
9.123200160169025e-42
1.3347514152251736e-39
1.1484872244377738e-41
1.165186466675331e-41
6.5483293506316175e-37
1.036640019646102e-40
3.2149468614253417e-35
5.454399179177759e-29
6.646390788730198e-34
2.0938707452353384e-35
3.738347907034632e-32
7.504346776489784e-32
1.4142400365382162e-33
1.9331919638998404e-33
1.291115562465324e-34
1.4320800056823e-38
3.73710999092288e-36
4.3018124340908495e-30
1.1927611129778099e-32
2.8537961055840636e-32
3.079854620395266e-30
2.493105640658534e-28
7.739399138745092e-30
7.751670275500983e-34
6.682613712084154e-36
1.31168748056525e-36
4.78213505254861e-31
3.2239322017965457e-32
6.225645908136373e-38
1.4198050911487887e-36
1.8729571833405156e-37
1.0009616701815113e-42
2.968534200488005e-39
7.884997497251312e-40
3.579750154169384e-34
4.979868606238406e-34
1.4486473229652814e-36
2.5616285931295044e-18
2.885359504450333e-14
8.179484261373296e-16
4.6479729599853164e-17
4.2507923076773664e-20
1.9195771477211445e-24
3.247664777156257e-30
1.4543808019081774e-28
5.792123597910812e-28
9.967094721254245e-28
1.4083387853821063e-23
4.2552500804561145e-18
2.2865551533556356e-19
6.52782542795676e-34
2.6004437548246223e-39
1.4402340353840195e-37
1.1953954437863187e-28
1.1970521895793594e-15
5.389504416843276e-18
1.0035584232507363e-16
1.102948870874344e-15
7.252595643185139e-16
5.798878260306796e-16
2.7869611476685263e-15
1.886144657539156e-15
3.8782769035794894e-17
3.400683454163514e-16
7.625321048721892e-18
5.678871117490225e-17
1.3187094464083487e-16
7.384785350864963e-17
2.174344959240401e-15
8.175060353114643e-14
6.431577663555847e-15
2.1475349954685677e-16
7.43573709965251e-17
1.3583427921874408e-16
7.987507471447441e-15
2.9446447857781454e-15
2.911900042496234e-17
4.908065022013395e-17
3.5441730723541096e-16
2.6018470200585064e-14
8.963763893653246e-15
2.7544647773099707e-16
1.1159273677908828e-15
8.437175771509929e-15
3.91917214070901e-15
2.175258639520217e-14
1.5743709521450957e-14
7.408010412173516e-14
5.371242542356338e-16
1.2509552870693595e-14
5.559095943211847e-15
1.9423686041868306e-17
1.3118240113323035e-24
2.184647423889175e-16
1.766670811784001e-15
5.879992524651443e-18
7.317071250125593e-19
5.641042243275503e-17
2.1190855933475995e-17
7.460911723892243e-16
1.0955825206477847e-15
2.645205106899872e-15
1.031741529259993e-15
1.2253244147276224e-16
3.5963420581504475e-16
8.163335611023593e-18
7.216619648894145e-19
1.0198192423640461e-15
1.1345348197983515e-14
5.018811030155372e-23
8.871897514113095e-21
1.1019476972210314e-19
1.422641220923066e-16
2.2074861739718907e-18
1.7357007269974467e-17
2.804713276816248e-17
3.2952203019873815e-17
6.15031653272168e-17
2.514859667198817e-16
1.1521880202814996e-17
6.12260734137063e-17
4.712237771837529e-18
1.5250251643120824e-18
6.234737451153524e-20
8.832488542993913e-30
3.299427349314319e-28
2.652276995846928e-29
3.599326451900939e-36
6.22629626112933e-41
4.499136530407708e-40
5.323394711472909e-35
2.9246497210555823e-38
4.281393374688963e-37
1.8791596938231613e-37
2.754420581506498e-41
6.570523545851949e-39
5.164357004225306e-40
1.7751364969581744e-38
2.1598456487765014e-37
1.4762678966992407e-43
4.661522690287775e-43
4.43244820823176e-43
3.530802207816999e-41
1.4192003621871558e-37
8.879026192584737e-40
3.997459748174486e-40
4.483463109377155e-36
5.4783594705463894e-46
2.979552868140593e-42
1.6154673457842747e-39
4.577356888686271e-39
3.4322391176609857e-36
4.816458008334672e-39
5.207084156999242e-37
6.838553069821194e-43
2.2805371083369576e-39
7.301880415910825e-44
2.7709465667612382e-37
4.98430896300316e-45
3.723732474244188e-43
5.070756207037499e-42
1.0196016383597639e-83
3.312965592174701e-82
1.4173740402596502e-44
1.2545637705526307e-42
1.4906460439018878e-45
7.811574300576888e-38
1.619635360208089e-44
2.5973471209790792e-45
1.583027088510312e-42
4.375306371625741e-51
4.0992398472157747e-41
5.337588149206381e-47
1.9442418382846438e-41
4.2446070424733035e-43
8.651983968256904e-43
4.637153876599375e-44
2.1128679006073953e-42
3.3818343659330705e-42
1.0445754015496812e-38
2.484264980229014e-40
2.7155438338823373e-42
1.4283422894653945e-43
1.437163936399868e-48
8.551593463554391e-39
1.4316169285163855e-39
2.998360158269733e-42
2.0303834695004278e-43
1.0000650109429174e-42
6.806754473163547e-36
9.928600182767099e-43
3.492940832367831e-42
1.4464065012410379e-46
5.731945220147681e-47
4.79504003710751e-48
1.069651470502404e-38
2.339987696781713e-39
3.3174044770463296e-38
3.230531294060703e-45
8.319787997596672e-50
6.266901308574587e-46
9.852375743697855e-49
1.251738439856262e-43
1.5984719348901183e-44
2.2416761086104454e-39
1.3687930084812367e-40
1.2318196907245562e-43
6.941961994607652e-46
3.175711316850636e-41
3.093784706085677e-45
1.5558476617387594e-43
9.964274586025056e-42
4.733305816828013e-45
7.100172428808812e-46
8.496540644710386e-42
7.355356166127928e-48
6.240800363052428e-38
1.3914694884855295e-49
2.7579106901547256e-44
3.2728623214914857e-49
1.1326123109802159e-25
7.558600893776364e-35
8.85854647013436e-42
1.1268557768442816e-43
1.947960166810074e-36
1.257969717664204e-40
9.20439455089451e-38
1.3430011424626872e-37
2.2114723444805872e-56
1.2296731329727807e-47
4.705237739557561e-47
2.2258083731553937e-44
4.022454877262097e-49
4.9854951281502046e-52
3.0235183444221177e-50
8.865611042925237e-52
7.498651471385118e-52
1.2036067955430477e-47
1.2131076060218177e-45
1.3960054307271234e-52
4.630453964849218e-41
2.3306339959238717e-46
7.611524175768685e-50
2.3028312806160314e-49
6.983422220496701e-49
5.939464601266218e-51
7.89940995091151e-46
1.5613579010804884e-53
4.009259936680728e-50
2.203082292040617e-47
8.776532147379118e-35
3.15398213639126e-38
1.2850728991589623e-43
2.0311445933188414e-44
3.426258296676367e-45
8.887677281383828e-47
9.699820387780652e-47
2.3426316577643084e-45
3.385953115312258e-40
5.139064995942707e-49
3.4478806740349724e-42
1.5275966441414382e-46
1.9602941766091744e-46
6.266710275606807e-52
1.9764087508429892e-47
8.229555186545051e-43
3.827462245609801e-37
1.1096889004543298e-45
7.484788719713754e-44
2.414594428408592e-42
1.6882674307850625e-45
1.680644951178587e-34
4.873480040250506e-44
8.477076852325443e-39
6.07209757156909e-42
7.122196508494677e-42
2.6003594368496787e-43
4.917828812765755e-47
2.6813892090548093e-43
4.5358103440092853e-41
1.8380530283373635e-37
8.282907715588798e-37
1.0313772513442725e-39
1.4488850375205284e-36
8.88653983138822e-43
1.2296267960607717e-38
1.7128276940665575e-40
1.8044120661378898e-44
8.23956430275924e-40
9.32047069816937e-51
1.150469494644269e-39
2.6787666081605657e-40
5.966122613551847e-38
7.486474267322685e-33
1.8960326606474733e-37
1.506073750993593e-39
4.152308662255624e-32
3.9942119125733954e-45
3.313801296030524e-41
5.243620413411338e-46
3.0214745843085725e-46
1.3124432441765244e-26
1.021554429699912e-22
6.292225964746786e-24
4.5749897390575875e-17
5.050048320437104e-19
2.6473266804151883e-18
1.6127129995401356e-20
1.2660358941024445e-31
4.192746807617196e-26
5.393801668227354e-23
1.0292565693369454e-36
2.822564360617924e-34
2.8458242698221106e-35
1.146783850531341e-33
6.431510782937496e-33
7.120939175830835e-34
4.567570996536382e-38
2.9927563260901354e-40
4.866855650330861e-48
3.20579327774187e-44
5.647275371866951e-45
1.280029684362987e-42
2.709071715793561e-43
2.6597939875903666e-42
1.9878717056052963e-46
7.459486610492171e-47
1.8342840503665248e-43
1.8207330735496618e-46
2.239982909622555e-46
3.0390659845982115e-43
9.307508605566345e-49
6.831888857206527e-47
2.59772779137423e-44
2.024017285958474e-46
1.0012570654875012e-46
4.970330740031211e-40
4.962541219208507e-42
1.611052537270051e-41
2.956893710448684e-40
1.9519642212764276e-39
2.9430109859528236e-45
8.095244606155471e-47
3.6193805932172783e-42
1.8024209221639093e-48
3.8456014926721875e-46
5.287854640787346e-49
2.3320575310224075e-40
6.663766736047474e-41
8.952127568493773e-48
9.061267209640722e-17
1.815958507691031e-17
1.772479260825197e-17
1.4844234064984095e-18
2.3190653146013806e-26
1.1952620786986093e-17
1.0401549005744552e-22
1.4561268931005122e-30
4.03946933936693e-31
5.041747622659323e-52
5.757363718156809e-25
5.316136706890384e-44
3.6520617855784795e-28
1.2219931360031694e-18
1.7981884987048187e-16
2.2973855325392377e-21
4.700529165187207e-23
4.044615806420701e-29
6.417143953522737e-36
5.232505967594843e-24
1.5375254003574216e-22
9.010237807651631e-24
2.9873209687944264e-40
1.0912389994773196e-22
2.6631354994592646e-20
2.934450700951293e-19
7.733401249614641e-17
1.7382160508897807e-17
1.3503562079823319e-17
3.6096493026879164e-17
1.6085612518507857e-16
1.901939546911679e-19
3.08870187917146e-17
9.619477976145674e-20
9.466573781405276e-17
1.8220110462025833e-20
9.410535062458208e-25
3.6555779246400324e-22
7.784783710852512e-20
2.118979286083324e-24
8.124124696262283e-32
8.716283893798803e-18
1.2243019340239557e-17
1.3619059202008894e-16
3.0514191317474095e-17
2.1663675421391214e-17
2.8182969234020265e-23
2.0065283439759563e-24
3.9413015250834176e-26
1.3865596111811425e-23
4.1764499617910723e-26
2.9952353445874795e-28
1.2680569958757328e-36
2.0183895902277102e-23
1.1133416536839685e-22
7.85418410568293e-37
1.9130228582729825e-23
3.4380079625113156e-27
7.638849333752269e-21
4.586402603397827e-18
9.905621149474355e-18
1.896496346286016e-15
3.036519359032733e-17
1.7352424163767928e-25
4.746116736113951e-23
9.429139264793043e-21
8.827714233497105e-19
1.9249490399758092e-31
1.2921295777840552e-17
7.092888868244772e-18
7.057858040223603e-14
3.865816754568132e-13
6.929520565182536e-15
9.573133806952486e-14
5.846223936014571e-13
2.1743058789525417e-26
9.541908025651873e-25
1.7354558902358308e-23
3.218401774406996e-23
3.879934049484014e-21
1.1635039929368456e-20
1.840150506165462e-17
6.379971596348522e-19
1.1240860448892103e-18
5.1102766138940346e-18
9.908235015271605e-17
2.973957960116984e-18
3.750051554741681e-24
6.62143939024698e-22
2.2924738646082057e-18
4.972938180951803e-16
6.431409048461061e-17
3.4095372479236374e-16
1.8999969563590058e-17
3.6654067077824187e-19
2.3800826071177514e-21
7.624790928402993e-17
4.118971943062123e-20
3.964126298041221e-17
1.9168660786256696e-17
6.549121698467071e-16
3.2617766229995393e-16
2.3951782108127226e-16
1.0767052098352131e-20
2.364180480607061e-17
1.1832408757953402e-18
8.248091200789805e-20
2.977698689444771e-17
4.8968484955071685e-18
1.7181565927669158e-18
1.5312060963492512e-17
1.099369516807934e-19
6.067282736547489e-16
2.787427025323409e-17
2.4397970764129803e-17
8.263484825617866e-16
4.862126406624706e-17
7.819012443412299e-17
3.608151059102832e-16
3.608178072202243e-18
6.815791355586671e-37
1.3027070689222334e-17
7.353677325480853e-18
5.585163687204685e-18
1.3798908641069456e-16
1.0130758279729767e-16
2.74563181816795e-18
2.7878592804359556e-19
4.3267812725055657e-16
1.6478025770430094e-16
7.13967983928346e-27
7.588569845340793e-19
3.470463082815162e-19
2.6149170574583697e-21
7.588294011834402e-25
2.040750315184444e-17
2.1578522586753442e-16
3.478773591092188e-17
3.5928587790043846e-19
7.354168796841997e-29
4.801115702366711e-28
4.2204809337980225e-22
1.6021644190657246e-23
6.155031130840657e-24
8.645277858893275e-26
4.639182616320675e-25
4.84366063254772e-18
6.609219249745274e-19
1.4604617580194496e-24
1.708507685972515e-19
4.084159751557973e-20
3.8047691903915353e-22
9.171515097243058e-17
4.448927695090811e-18
1.6771421324509907e-18
5.79322064503945e-18
3.198759163891942e-20
1.602722084499676e-16
4.266043408484331e-20
1.9692375125016606e-21
1.0585371633136157e-23
2.2029280035173654e-18
2.3350174457527448e-18
2.3872721503589966e-17
1.5754701170521497e-30
8.907218509956998e-19
6.567172376919685e-22
1.3753664703650986e-26
3.8990788506915187e-23
9.762646853101266e-16
6.772529155418076e-17
5.10553053090323e-18
3.2410418186678105e-17
1.607910922434984e-17
9.784455136898092e-18
1.1279998445808588e-27
6.9137191614311425e-18
2.498149582905007e-16
4.438893271167545e-24
1.0192691084842227e-16
1.0196056705347451e-16
1.5718104942803146e-18
3.843249857698556e-20
1.7385940501042695e-19
1.1256735711513156e-15
8.962717453655553e-17
2.0240468122848302e-18
2.0244279675240895e-15
6.124018949432615e-16
1.5322479152114358e-15
7.974890950601487e-15
3.688056214859072e-16
3.696536398721854e-16
1.984532729608309e-18
4.5284310392366114e-40
4.22141946735205e-23
1.324228534262031e-17
1.4819530210683688e-16
1.334803945290473e-16
5.431000341302121e-16
4.014384376701819e-25
4.55800425617565e-22
6.375961317598822e-17
5.419059757008895e-17
2.5452224853997785e-16
1.1831443959467072e-18
1.0550718303156699e-15
2.042411768551986e-16
1.4626942680236497e-28
9.428626515554357e-18
1.0213494028068118e-17
1.4958801430678077e-17
3.784254822679954e-16
2.199433069125289e-17
4.4781073723303415e-18
3.561615181805976e-16
1.7495126320885035e-20
4.682558198466146e-33
5.072805516293655e-21
9.175656025279483e-22
6.320758505104549e-16
8.707017246116008e-17
1.1784431186450981e-17
1.536037676656014e-20
1.0583135410984114e-22
1.3349259831523167e-19
1.6295183149226363e-21
3.866114075667157e-18
1.891989653054588e-20
2.983107033315867e-27
1.7915941739332825e-29
6.277127889702298e-32
4.077714978633554e-31
2.1731770708403736e-17
3.353680912338772e-18
2.863156996060819e-19
4.073604184042062e-17
2.28663710076029e-20
1.8098234482021165e-19
1.3636163577879068e-23
2.3207988347655574e-22
4.6437013334736135e-25
3.9698582988178295e-20
9.83647214860901e-21
4.607848914125589e-20
3.0396526262378315e-20
1.1236066439368448e-18
3.752349201319553e-20
1.0296200426229013e-21
2.299133830716936e-18
5.606677854868887e-16
1.830096690269879e-17
5.161800634056769e-16
4.8978631770569616e-20
2.5451184297574084e-16
4.1150688475137115e-17
7.661308273235899e-21
3.5788367761822e-17
9.993805890888552e-16
3.0920354988082837e-18
3.999793929744235e-18
1.551051688181476e-18
7.637499417961907e-16
7.530786457262382e-16
2.9434357331985226e-16
3.3466810398252274e-17
7.841735808143174e-17
2.263389212905754e-19
1.0290835123725072e-20
1.6996275043606941e-15
2.6568012994926353e-22
4.286286266518721e-17
4.035153546365035e-18
7.461123666217307e-17
4.14454134793824e-48
9.84407326526223e-18
6.825430772042958e-41
8.603636260458235e-22
1.148704264605693e-17
5.009916661151926e-16
1.1759391661878746e-18
5.741061968779563e-16
4.2175966760126197e-16
3.6484853023758206e-17
9.684987330713033e-17
1.6309699211891018e-20
1.1684884748368679e-21
1.2370580478103783e-20
8.71649125462136e-28
5.438042644124813e-18
3.221881559044655e-17
3.408934782407226e-16
2.224933823820625e-21
3.665192922019013e-20
1.9233520827720102e-20
4.213371403677025e-22
1.4298663292088915e-20
1.4199358592061796e-19
4.626394282212314e-18
7.382133199696574e-19
6.336428661641628e-19
2.534870356551534e-19
5.717792317061952e-17
2.3806247865004674e-21
2.519808539221696e-31
1.0498578920734206e-20
4.125778732862908e-18
7.483677086031737e-19
7.805147122776116e-19
4.76340926816683e-20
1.0246657636286377e-18
1.336648068788118e-16
1.3491669592696283e-22
5.3106670145841785e-30
2.979159125367093e-39
1.4199958668830808e-35
1.6012352993095822e-38
1.3419018340002062e-32
4.540969093857261e-31
4.325302471981428e-19
3.385382276678268e-19
1.1619392807822468e-18
1.2424031620564258e-19
1.5240156527062037e-17
3.915622171801016e-18
2.0343624848864834e-15
3.393030704920413e-42
4.3408782224640505e-16
1.4678284699694083e-16
3.959792588010028e-15
2.5006646963044998e-17
2.1865384716216515e-16
6.5118219640639194e-18
4.1226282445822216e-16
1.5605357583669158e-16
2.1463567342149764e-18
3.54670205328198e-16
8.216733752702418e-19
1.0391739626986196e-42
7.32289964024416e-29
1.180238295427498e-22
5.017947939414411e-31
2.1882201058008267e-22
1.4111546524357074e-19
1.6251671980954302e-20
4.788167694171948e-26
2.359505506512717e-19
6.594757938247386e-22
3.325509900305035e-26
1.834095962035446e-24
4.8876019100692926e-27
1.0532567443892164e-24
1.045628543801676e-25
1.2936718868598738e-25
2.017256665706303e-19
1.0185751155165437e-18
1.0899557224397829e-23
2.2388878288740583e-26
2.3133724075688325e-24
9.300083045676427e-23
7.212526708783619e-26
9.104253507554612e-21
5.080133097054311e-24
1.1856015421966471e-27
1.0992015356692548e-19
5.832726553856144e-19
7.479476828251042e-21
4.70904261579206e-22
4.613690508879826e-26
3.3218820820484086e-23
1.2208542229532385e-22
8.110427348663508e-21
2.2341900826309942e-21
4.130662129761459e-21
2.0215059279726322e-20
7.659088209761978e-21
2.329579046158857e-25
6.998903443044697e-21
2.245154700725165e-24
1.1908898876186441e-21
1.2534031275486122e-24
5.524414766509856e-22
5.63718547687523e-20
2.1334551489204854e-21
4.2976696970778084e-24
8.947077527917126e-23
4.0386208026876214e-23
5.680216424334719e-22
2.6542095545266076e-31
6.032906782674718e-66
2.1693589293152956e-41
4.8665823104813066e-27
4.975353914441915e-38
1.010691967192748e-36
1.5209559074945797e-48
1.526154884182797e-23
9.582372496927138e-17
1.619875864193499e-20
1.070243263546552e-22
9.793888348205615e-21
2.0546836716395123e-17
1.0981865278383799e-18
1.3777181951468637e-22
4.546820295136422e-20
1.099876233549784e-17
4.382600256172756e-22
4.257147483714774e-25
2.591003271695391e-22
2.6077354840541616e-23
1.6950193313533837e-24
1.0449863780956596e-22
4.052787961251801e-21
2.7065374066213003e-29
8.325421162165248e-24
4.491386411549301e-25
1.3887630074219625e-22
2.456790278264348e-27
1.436235349930284e-16
9.575485900096459e-17
1.2654940829791412e-19
3.4848515416893524e-16
3.742105784762602e-22
4.9673153032993897e-29
7.977251871738117e-17
4.053173761435211e-20
2.3081390782331235e-17
6.185325671054326e-22
5.27312902333215e-17
2.793333469920304e-16
1.8443917111417878e-19
9.025192864017637e-20
8.113837163668781e-25
1.4368261014346885e-20
2.2820616897401316e-25
2.4371094127044918e-21
6.1077434854270755e-30
2.259890338541677e-27
2.1394087430919163e-29
4.608996040769897e-30
1.2279014742890016e-35
4.4175466702266726e-39
4.3073526273462435e-42
7.243266352435798e-48
3.794082008990997e-49
2.3026764176532414e-48
1.0914230750915704e-50
1.4406205041262027e-53
3.717528139819795e-60
9.130658601930164e-61
1.0602074867744816e-63
1.9257929105835333e-67
4.287104040863068e-67
1.409473799733316e-64
1.08543474851825e-65
7.112875814227488e-60
1.5805559285307988e-69
6.01102010388133e-68
1.0296369064757116e-68
2.9265928626844418e-87
7.629862192792716e-75
3.015188046764567e-75
1.2473497020435983e-74
8.20749398251995e-79
6.601663714631569e-80
4.018091225271862e-80
4.002262599258925e-87
5.85527300583373e-91
2.765450855300097e-91
4.713623975953552e-92
2.9809709547588295e-97
4.022996025421497e-103
5.436017330952937e-103
4.0958877871621755e-108
9.92614445571949e-122
4.9984679989813167e-135
1.5174605886949268e-129
8.374728694031516e-125
5.86547405166477e-123
9.065242115560667e-125
1.3810113997666517e-114
1.0440969263122491e-109
1.5116569130430766e-110
8.434436238441186e-111
1.3375294163617685e-113
7.6243803676370485e-112
1.993846575468143e-117
2.6141338347989576e-123
2.626181232118958e-123
1.3277798690471882e-127
7.255224571536852e-119
3.629709938390212e-120
4.674261487749874e-131
3.9896282225182134e-137
4.811704127818963e-152
5.232175116163136e-145
9.695671374061652e-139
3.0563128507179886e-137
5.590925120650799e-138
2.5337874751231273e-141
3.410374920521152e-140
3.666758915189991e-136
1.1257912425652312e-136
8.506288307533279e-144
3.555532178425456e-166
7.242998197457474e-156
7.586640505439483e-146
1.0514807807961594e-135
1.5928400355288458e-129
3.375046865986168e-139
1.1816018759519502e-137
4.1206922417251277e-137
2.051604773995117e-132
1.8821085017774863e-133
8.523704969825093e-148
8.823915577033083e-144
6.562281202675374e-142
3.129088207617052e-144
1.5327760853451899e-145
2.0045145804664525e-145
2.7203159945641483e-143
1.5440322102539745e-141
4.960694991303392e-150
1.4929451156888313e-144
5.281754203559969e-143
5.13406861159865e-146
5.746216499903046e-142
5.601814818805679e-155
6.083195397600545e-140
9.887292284628277e-151
1.311936070231052e-150
1.9100338162624872e-147
1.317090343902675e-141
4.831546675238272e-139
2.1775160983492537e-140
8.149218055944815e-140
5.600835754258002e-138
2.683939445665499e-134
2.3737726336934888e-135
5.337718862993914e-128
3.536985458371666e-140
2.0163741830329573e-132
1.1824085892829316e-139
5.7782747496179204e-127
6.056616151351334e-138
3.714903581320333e-134
2.040608759892101e-134
8.502396094424676e-129
2.6405500877540868e-123
6.714013268111642e-129
1.3180691730493175e-127
1.2112834216307198e-123
1.5788161929171665e-127
8.794959413581693e-116
9.646944378169451e-129
3.2061604390925486e-125
6.621432649172365e-115
1.4093176950366368e-111
6.53865664542839e-115
2.096362862972185e-121
2.008510777857592e-112
3.278784281248559e-104
3.548574624155764e-110
2.0731937365664333e-110
4.06623718044407e-91
4.607021388059117e-86
2.2378097704196488e-92
4.231852168573471e-83
5.21242781066316e-83
6.7320882955186145e-90
1.3746781693851293e-85
1.774784116061393e-82
2.735550918260791e-90
4.83812965451083e-81
1.0400666858215862e-159
8.071277052120984e-165
6.463834159507951e-168
1.2700823538831047e-175
1.4093730128830803e-167
7.321768729244743e-160
9.665291827467289e-162
1.3610519145272096e-166
3.491055453725831e-172
1.6423216395320338e-170
5.589594785427088e-157
1.0938697589682845e-166
8.515845572593739e-161
5.806789656591891e-169
2.4976856796297915e-168
2.0118591961868326e-165
1.7555234215677238e-169
1.67137086378299e-176
1.0431932815167727e-177
1.077471856400534e-170
9.306480934957503e-162
1.5661291782078794e-174
9.90014292621657e-168
3.192951869224515e-171
1.3833267688192319e-175
1.5827033115002796e-170
1.1608438140793602e-172
1.4388517551258488e-167
1.3852482205845438e-176
1.4924888106461756e-173
4.3983385619499894e-167
2.7228162977103445e-171
3.697239804659295e-170
1.3713975070157106e-164
9.358291392432646e-152
9.369943463388315e-158
5.857511275413236e-158
5.029753754854047e-155
2.3805665102547515e-163
7.19942686454381e-154
2.4856237742919987e-161
1.5787879801357246e-163
5.6538883818634975e-158
2.547408732671886e-158
4.5189582425879743e-163
6.4246127172031305e-161
3.025271827619777e-155
2.81217238800375e-150
8.609981750208244e-163
1.994646667277308e-166
3.142163024700355e-146
1.8629029081265695e-155
5.717977720936303e-143
2.9966680062631423e-152
2.5315244947414045e-148
1.286729411949607e-147
1.448583288428492e-167
5.280827178590807e-154
4.612432428853201e-165
3.4515471682006236e-169
3.771141048221537e-148
1.417489010576266e-153
1.5585609930277426e-154
8.581510670825227e-157
8.378024752215656e-156
7.925225347067278e-162
3.057089619687509e-161
8.848360424592988e-153
2.5772673856372823e-164
4.749875600277266e-160
1.2908334134699055e-156
1.275693358847819e-153
1.867542262874613e-161
5.344136183955168e-162
2.3883922931641702e-158
8.278027059187762e-158
1.6018249378366417e-153
7.910738390349551e-150
3.3781782890545286e-138
1.4075677444049933e-138
9.50083422190159e-156
9.913186618279393e-160
7.722870003906494e-161
1.890047462524263e-154
5.046300803017991e-160
4.403143810050037e-165
4.3403740597784693e-157
1.3086972413612705e-160
2.508912340526299e-166
2.3223906626100415e-156
2.6922032882178662e-167
1.6753107750209838e-169
6.201195218972312e-166
5.789474106158396e-179
2.9706476815634544e-172
9.513849292075433e-171
9.862674190801048e-169
4.998745070172609e-179
3.943965714843981e-178
4.253154806288695e-156
8.500240833658346e-148
2.7314474591289327e-165
4.0872381403309575e-163
1.8842733898293715e-151
6.380354938050193e-166
3.259294382092756e-168
2.4548280784847675e-166
8.544850889988286e-171
3.995994298521734e-160
1.2490662794105922e-163
4.5316703873648516e-169
8.9710210563847e-163
1.4780531514941368e-169
1.6991783125796066e-162
2.5760602539145806e-168
1.519129193681159e-164
2.691276784818966e-160
1.4001414814093077e-169
1.7798685920246135e-166
7.125149178503118e-156
1.0101830772718066e-173
5.100673298686102e-171
1.0561875440556147e-163
1.0053848064099233e-159
1.3666337366002984e-168
2.9263939425768282e-164
4.094350780494099e-151
8.713918665424704e-152
1.392708188367483e-162
5.2903445534814364e-170
5.415264839705533e-152
3.4767853857001156e-149
2.6837793928838133e-143
2.761415316750674e-143
6.910784057424481e-163
4.43997569726735e-162
1.839448013902486e-157
7.807832497509131e-161
8.750412909729236e-158
2.140063379908725e-171
5.8281568498672056e-154
3.3110478246183624e-156
1.0683314884339195e-156
1.2702478922199369e-168
1.1835818629331014e-163
2.0511603405234726e-168
4.449292282412917e-180
2.20214868564088e-183
1.587733167334163e-167
2.0056347782452743e-168
2.2947245166125037e-172
1.18028851075889e-174
2.8629790190955778e-173
6.494678966466853e-173
2.1877471172150134e-171
2.507931535513847e-178
3.586571804522712e-179
4.92151821784794e-173
1.5289827080121408e-171
3.4009950010940686e-172
6.327898380432645e-167
7.470975160206602e-162
1.9841894509231567e-173
5.344800928849869e-160
1.4400681228782584e-160
1.151133726483291e-167
1.1254476621744127e-166
3.7124027319457116e-165
4.0780432789647293e-169
3.6523467786687754e-175
3.123788807528629e-172
6.392297152490517e-170
7.747502979480257e-172
1.1455554516782034e-174
1.4876491758186434e-164
5.097331942429632e-165
2.0320761126567205e-179
4.779423448751934e-161
1.771308549886706e-163
4.735823035625386e-162
2.636483675518765e-152
4.363015209129292e-154
3.130811170143557e-166
5.093125300383052e-162
4.805308686871374e-164
6.647292095399587e-172
3.8791409665525194e-166
9.514748980038798e-170
1.2189220434002843e-168
1.2391073876033072e-161
8.331995822525484e-169
1.5707761172398876e-168
3.350069793636994e-169
1.9695405443859325e-167
7.215576893023426e-173
1.9424893974162855e-158
2.378488027040605e-168
2.078691645845946e-179
2.1083106244393928e-176
6.846390457487615e-171
1.5714612528337245e-167
2.161641201451413e-161
6.115403764499622e-176
4.2398397760870047e-172
5.1926518432938647e-157
3.5864529035140945e-172
2.318686742276352e-168
3.564973944574826e-167
1.8963968066703472e-176
5.58360753646269e-168
5.139976194638922e-168
3.4245084436204935e-172
3.24379838987396e-171
1.9483726198229223e-174
4.647374865848383e-176
7.530469791891663e-170
4.980135668924088e-157
1.7367791524156554e-158
1.0934665878666862e-141
6.036341082444584e-140
9.104673909367132e-137
4.1708506583860347e-141
2.3334205376431483e-136
3.559968279284266e-136
1.1135067642746214e-145
3.595844376471158e-149
5.233665979255099e-167
5.509264942083304e-162
1.5233292584563663e-163
6.373688121863046e-139
5.935687408252902e-34
2.6871198483960596e-32
1.4167354489948878e-32
1.214578695058977e-35
3.248923514194361e-39
5.040360120168707e-33
7.018083503270152e-33
1.5662262933632524e-37
1.1809901255421265e-36
1.155139553371341e-44
4.814805071556119e-50
2.4993334686033557e-42
4.9302629275002e-45
3.224812770460826e-41
1.7619306486138772e-25
3.0358145353058984e-22
3.1644322041390863e-24
3.631818412102821e-28
3.1317878855415783e-26
1.132917273553555e-23
2.591465697794972e-25
1.5970319567887141e-24
8.49905585768049e-25
2.793057907926709e-20
1.2434268064495732e-28
2.2337568788077226e-28
1.7859230842311256e-29
5.91735130333192e-39
3.1028268987634503e-32
1.094897086536853e-24
1.0293196619066487e-19
2.9996643441175086e-27
4.416407286408846e-27
7.027802445075195e-23
7.919777446618986e-28
9.114318547538327e-24
2.897438191345751e-24
7.619126075769088e-25
1.3682421095579117e-28
1.1587365793246718e-35
7.716087784712375e-34
6.94467431768546e-35
5.956330591861177e-34
2.2884904894756204e-21
2.8988345652851987e-24
2.575968346348183e-22
2.3478902578326027e-30
2.142491673726875e-26
8.878740514235954e-28
1.593301810021493e-25
1.0967334729836163e-24
2.9906359708264694e-26
5.021733556611079e-22
1.4549370041819883e-18
3.20283657851424e-21
1.1197293233463103e-33
3.957309621241728e-36
1.0683257812991952e-29
4.43435802063508e-30
1.5432717354198943e-25
6.017970508658013e-24
1.4706690901761727e-26
1.2460569714483104e-29
6.146636059694251e-30
4.539807697286942e-26
8.963996884438755e-29
1.1772297814498314e-30
8.823708864096451e-29
9.806018827212336e-28
1.713513905547857e-26
6.7014100214033514e-21
5.7953335062849895e-28
5.506514165247401e-23
8.861731210642336e-23
8.173045422151495e-21
2.4709368674784926e-19
1.578912764575214e-20
1.619601083054212e-22
4.4214037174637055e-41
1.1105960423815277e-44
5.840257999746582e-34
3.881429402645485e-33
9.399220725280563e-31
2.872625315718075e-25
1.2482501151053271e-29
3.7058624604470493e-56
6.790889430796187e-51
3.553493200334696e-22
3.0712493957746288e-28
4.994620957880003e-26
2.53592177920776e-21
8.03354071365104e-45
8.493381465896274e-32
1.7099576914056028e-34
8.16117241945957e-24
1.3582823446165275e-23
2.7821113682991765e-19
3.2278424202247326e-21
2.346050306654642e-19
8.527154268484912e-20
4.9317512941608965e-26
9.044211500676888e-25
4.145874614594838e-24
1.136248344403234e-27
1.1774798046252733e-26
1.6976663768966358e-49
1.938049791725339e-57
1.952890093799654e-57
1.4017749538801304e-65
1.711206094111372e-62
5.824061813588314e-46
1.7203610721156979e-40
4.76865069463826e-52
2.1924644534789996e-75
1.2511068371139597e-45
4.1414093614501285e-53
1.0030904413256762e-50
1.9513389629023474e-50
8.312834085182102e-47
7.695947559310439e-51
6.263208792263622e-45
8.520873370674893e-44
1.1936639493109565e-47
3.981167486017504e-48
2.168929871329221e-49
7.572652271279134e-50
1.994401518903038e-36
1.247653831434437e-37
1.5381593851936273e-40
2.3909327234772356e-35
3.7716981003303925e-38
1.3603470714921719e-43
5.134551810552999e-41
2.7213350815390138e-42
8.420423310270754e-39
1.8247052908489825e-41
1.5127557447929275e-43
1.6058348109859751e-40
8.266987006971129e-39
5.498200671526964e-39
1.2718016853858135e-33
6.577159799276736e-33
3.3435618392365145e-24
7.616904721305678e-25
3.2048718058534376e-27
1.5977981245233852e-24
9.237184454508861e-26
5.94521660009228e-23
6.4286813341448505e-18
3.397860315429254e-38
1.7010296921193598e-18
5.977812457600343e-19
8.954174740163677e-20
1.8509898665312005e-22
8.1762428233923e-34
4.580677015011951e-27
8.503800097604964e-32
1.694135830044982e-47
1.3947179068541619e-19
6.654028122381304e-24
3.54962554510576e-19
1.9576060225789486e-26
2.8448635213600913e-26
2.2715836834832573e-29
2.7390151314921003e-28
4.0426609063007965e-24
3.0071657520898516e-24
1.5110414153749682e-27
3.25264053915931e-17
3.867564446899241e-22
7.100734583643226e-33
2.545664513369306e-27
3.455834769903931e-29
1.354819218713897e-26
1.1411654886753317e-22
6.809948048556089e-23
5.754432922036471e-23
2.212542378530409e-24
8.598155622009734e-32
4.3139120075356385e-23
8.734280170181764e-29
3.025123529012661e-28
5.932617678734416e-25
1.428636347747908e-24
7.867840182720884e-24
9.343364982615011e-17
3.339848502589193e-20
1.2915810810427014e-30
1.5736727724009242e-27
2.5772644241815597e-23
1.4338868831549115e-22
1.1578452412445334e-28
2.491286084976427e-23
5.881478351619335e-19
2.5309407813696178e-21
8.328946209743e-29
7.773521071407858e-20
2.4959702424174153e-19
4.506971702129516e-19
3.1099538581432207e-18
2.4526629222793956e-18
5.10560494374365e-20
1.1810141914410341e-18
3.5122545100053063e-28
1.308768816520875e-20
3.5829341957822195e-21
4.7612645109682093e-29
1.6561436325243403e-25
1.9262215633821829e-28
1.2308146710275975e-26
1.2557051363775139e-20
2.555631404120296e-19
3.0591074453722305e-21
1.1448962110883502e-21
1.4164950356820825e-30
2.0830953908482597e-28
3.0478679066659507e-30
4.735558897080107e-40
2.3061761903836958e-21
2.653274381001634e-22
1.0949308783397294e-21
1.1275639116882295e-44
8.95691038598099e-25
1.5017793543278876e-35
4.880547907325099e-23
9.556207258526058e-21
3.5979171277295995e-36
1.08617279050064e-21
9.568061182331768e-32
1.1293159023317052e-27
1.0753163884778364e-27
4.464738628083799e-30
6.1673079545138406e-30
1.6985491116700316e-27
6.10616957502091e-29
4.449106332341028e-29
2.467683044788278e-30
7.187033187604304e-29
1.045484451280929e-26
6.724879548779539e-27
9.840084912051108e-27
2.1487925374368602e-19
1.2378113233813036e-20
4.148988081496943e-27
9.311281915768054e-25
1.2050836418127997e-28
6.313492478985e-33
2.9545588919787963e-25
5.603818350163365e-20
4.519301681085512e-18
1.8731926044178007e-21
2.2822403180247028e-23
1.0966297261471643e-20
9.087624382490898e-19
2.262753989001806e-19
1.8031766531253516e-20
1.4801704911454997e-17
1.988629856201192e-17
3.5779481842571075e-19
9.943104200850587e-19
7.656533815736512e-18
1.1648116606097339e-18
1.0158010374020989e-19
3.9413809794996804e-22
3.743008128481446e-19
1.6499711215906215e-19
9.170734556282579e-19
5.116913381454517e-19
1.4126699153625935e-19
4.71242388769107e-20
2.773199427477372e-34
6.82715776624934e-20
7.186050121889658e-19
6.5864737078663525e-19
4.129832724833158e-22
6.430153424556223e-22
1.4218757008469984e-19
4.066043165888441e-18
4.066386171703576e-19
3.8068495599164405e-19
2.622190062708317e-25
5.156074731685202e-41
7.031163525418037e-52
7.06219267193736e-31
7.221563898900688e-31
9.61859296248716e-32
4.620806697958455e-33
1.6793902590022068e-32
1.4445940706560605e-27
4.01832567353715e-31
4.563512718379498e-33
5.209674309616395e-32
3.470112154917486e-30
1.2489309382292842e-32
1.7711333538368034e-32
7.603507870403574e-30
2.089787784801744e-35
6.2351455574986934e-30
4.971702892563278e-28
1.7199841770936673e-26
3.4430657436885113e-29
7.422927676330072e-30
9.916609638330575e-27
2.14865443971189e-30
2.2076395547659465e-32
2.6235342465625988e-30
2.73185491173923e-33
2.422608963866915e-26
1.9137448745900273e-28
2.650063618600324e-29
4.0361864823706936e-29
1.4092899763353254e-30
6.349736722030086e-28
6.678852893270966e-28
8.309843140093292e-31
2.121896025984978e-25
6.991357851577263e-29
5.196789285416044e-28
2.922744987264086e-26
1.1940321601574567e-34
7.501259842162444e-33
1.0536566561110108e-36
2.5394868155301673e-36
2.657458024707473e-35
9.76068224117203e-30
3.7405347954973295e-30
2.918561204674936e-27
2.7284908550388173e-26
1.22214256890869e-29
6.855687928672654e-29
7.782962862287048e-29
3.2508914217393904e-31
3.2976312797245185e-29
7.1720214048985e-27
2.685498124651624e-31
3.091699730754451e-29
2.7183448648711683e-19
3.3817969361849285e-20
2.5040175372543478e-20
1.145880067300649e-29
1.073928346626095e-27
6.524622701688935e-31
1.6999914883290796e-29
6.791324432139833e-26
1.96172850573862e-25
4.032300668951056e-23
6.307519799326156e-21
4.548844020507979e-23
7.457641751871063e-25
3.8880188793734514e-32
1.1708918293725463e-31
4.23312689014545e-33
1.289280962489436e-24
2.1221734054824777e-23
1.3575430907978894e-19
1.2723480853304376e-31
2.692937778678806e-32
4.296531031253467e-35
2.245363412452944e-26
1.4701782395836096e-25
6.089056168507695e-29
9.933072616735129e-22
5.119318701353577e-23
8.753420381810815e-20
2.737510416407986e-20
1.1526656063756302e-27
2.2140710521418487e-34
1.4838156414766937e-29
7.014805308174071e-40
8.632763560547111e-33
2.399218181365418e-25
3.105291630024068e-20
1.891060871233917e-22
6.0991253534637455e-33
9.601048172627275e-31
4.707304573239626e-32
1.924846131348912e-29
8.939252444124323e-28
6.022506957916314e-35
1.4428906072845764e-48
1.4803102027512166e-53
1.1919394401819744e-38
8.58925963312864e-39
2.673161444395209e-30
1.3138087091481744e-25
1.047320507132648e-26
9.937684097732592e-23
2.074045918296642e-20
1.3306777536597288e-23
3.3954889420513666e-28
1.0382117770320507e-28
1.1799221968901092e-24
3.867414982242651e-29
6.270381731961776e-34
6.432447938191851e-20
1.8450465990404088e-22
2.4694485929603947e-26
8.571705461724875e-21
6.292680409456879e-29
3.595240422686204e-19
7.61548562163813e-21
1.1987886982774512e-21
6.0643155458228665e-21
6.944570287795456e-24
1.0681899349536826e-27
2.2192923491716096e-27
9.496015907581256e-20
3.3952349735991775e-20
3.775747660991157e-19
2.655291125625799e-17
1.7620144097803447e-21
2.9938456892598467e-19
1.1290690571414713e-18
2.1495986932488018e-21
1.37625462921992e-20
1.3522621067779972e-25
2.827958296270199e-20
8.128839754015569e-24
4.853892428390941e-27
3.730752395950481e-21
7.874121793279542e-22
1.496495720927662e-20
4.214728425369321e-21
1.5954804910739537e-20
5.161141071793918e-19
4.0007691160031384e-22
1.1030928401408746e-19
5.93349998785338e-21
7.511686895202083e-20
7.07342326981858e-23
2.5514609974982642e-21
1.2535939281665362e-21
1.583556712623335e-20
1.006332629007257e-22
5.1428837315979285e-18
2.4186071656862743e-28
1.3234913025401296e-25
7.193339896068899e-35
3.301957325874622e-35
2.2873880034896197e-31
7.0315541206756405e-31
2.5041728382401625e-29
9.443445846007034e-33
1.1848960534401025e-32
4.466206761830074e-47
5.1196487384478686e-54
1.3820350091273345e-43
3.959078700087284e-43
5.267633839007168e-39
1.3568755329028704e-33
2.15703790050553e-37
1.1960054941620541e-39
3.1174119239624175e-41
1.0752335895505934e-39
4.3110526601680934e-41
2.646609834553177e-40
7.346957543153463e-40
2.8950224960157544e-46
4.842102422607344e-41
2.0391687074511178e-40
3.834903752995514e-40
4.692292317048204e-50
1.766263131956831e-45
3.0302719691399896e-41
1.083587037029711e-43
9.417652936197632e-46
2.434060155001191e-40
5.257661866142928e-44
3.263903348486623e-42
3.7577816856731954e-35
1.4386295079846884e-21
8.212067650746661e-25
1.2465989659536998e-22
2.4588941860466113e-23
1.070209258232536e-23
1.7491787783852507e-23
3.975541740863315e-24
2.8833017339865156e-20
3.2189656921612154e-22
4.206197060921579e-24
1.6932020504599376e-26
2.463430283882868e-23
4.266888271334656e-28
2.0547038489315125e-29
8.597311302641946e-27
2.8359287736119633e-24
3.4483699305287615e-30
1.429706201555408e-37
4.118897235672161e-45
3.149931296656881e-29
1.6021348389074733e-29
2.858427698770795e-28
2.6216632802486595e-25
4.721793589257137e-40
2.829438065906914e-29
6.10429756992355e-41
4.400716335534589e-36
2.61897401929448e-42
2.3928287756757432e-33
3.825928247601506e-29
2.4877164581926255e-34
6.831733053121387e-22
4.663826295431783e-22
1.4839890899233285e-23
2.4392520574621713e-22
5.571073958809155e-29
9.403887256296557e-26
7.405903338833488e-22
2.125161936764867e-32
9.294105493709074e-24
2.7051111325921405e-26
1.0174644993139493e-23
2.026119956537587e-28
1.183061330097531e-19
5.208634607173371e-28
1.225038425556278e-27
9.410756594421834e-22
2.1486668455040545e-22
2.412537292063604e-26
3.0956497147881976e-20
1.9858927592191074e-22
3.685510387961985e-20
8.596729910463252e-20
1.520711327611736e-23
1.089181891041302e-23
4.621055603461803e-22
1.4376807685943632e-19
2.245882169362455e-22
5.1285489702365395e-20
5.950708743349042e-28
3.9834136041008885e-44
1.169343294448125e-18
1.3066977977741513e-23
6.5079093515753245e-22
1.2597954273355351e-21
1.1034950888566968e-21
3.271743256216283e-24
6.393996814074374e-25
6.6520957069657094e-21
1.1006120189046159e-21
1.2499251601305986e-20
3.162468920886644e-23
5.287514502178804e-23
3.280848010637557e-24
1.5443977135298003e-22
1.590961797253293e-23
1.6754540703668733e-25
2.6712153957842984e-25
9.399293167691093e-29
2.547093132461528e-29
1.0841568134162029e-26
1.4380880939050344e-25
6.988938319835416e-26
2.4113626524141456e-21
2.9483010138993473e-23
1.0178822662302675e-23
3.926790740508034e-33
1.2505192476229748e-26
3.223173536164861e-30
2.23459043615269e-21
1.100974355954119e-24
1.5385237658430534e-35
9.861480602801836e-34
2.1572908396642134e-23
9.048334305663905e-25
1.854094996077799e-29
4.442870774420531e-40
2.080861140335976e-34
2.5083626934955362e-34
2.3659058144836037e-39
7.683938186875348e-33
1.8047049377305492e-31
7.745396046936948e-34
5.02683342926086e-35
2.2358977534099535e-40
3.6258583283881124e-43
5.755315319348697e-41
5.367209655994425e-36
5.354132193951779e-28
3.650129239032586e-25
2.8750870450523807e-25
6.967751481372827e-28
4.055201221498991e-35
1.33153039096246e-33
8.148480877016901e-34
1.9097312785016227e-25
5.227248706556124e-31
6.017351438775717e-27
1.0034077219765835e-33
2.74668217302035e-35
5.368088871773261e-37
8.910719284312167e-37
8.778612417927479e-30
1.7204839153088254e-32
2.0447667005495965e-35
6.559764754997131e-30
3.1460312090867262e-31
1.4179741772824934e-29
8.937726869274022e-30
3.3534495004790985e-26
7.140917254573812e-23
7.1446754915176e-25
8.396136903722892e-40
1.6152281037071038e-29
1.557017196604558e-35
4.452195712781315e-33
1.0000359558418799e-32
2.25873193154599e-40
6.025590599323205e-50
1.6707837572189418e-45
5.926159771092813e-49
1.0730997139011959e-47
2.081200816568751e-37
7.078808014483232e-33
4.1771530125890254e-32
5.139149124018977e-36
1.819009167946605e-36
1.4821541057167344e-26
8.02839200998275e-31
5.9992093560357686e-36
3.261933015600001e-36
8.0289832677356e-34
1.5323272076105723e-42
2.3103106776772278e-35
2.7786253269969606e-24
6.344415199508164e-20
2.4592219706985668e-21
6.034396492293122e-25
6.948251515335305e-29
1.482606254427479e-29
1.796773971719181e-28
2.33186046780301e-25
1.4042340623760912e-27
2.195073717315367e-26
2.7075089504180127e-25
1.3423944736691125e-24
1.7225479660735338e-26
2.657726304563938e-32
4.743781718324699e-25
1.6463880145136185e-29
1.2921493887237814e-27
1.4320635703851652e-17
1.5149522801201136e-21
4.7157441487681336e-20
7.437175313442535e-30
3.286799089201143e-51
3.3432741326912436e-25
1.074312022082418e-25
1.6445681141356428e-32
6.844761125391136e-25
4.836593172551299e-19
1.0050281010616074e-21
3.5213997680336844e-25
3.9058144458843215e-25
1.8877063987214282e-22
1.467894189340882e-23
1.195827708482265e-22
6.896396785767679e-20
5.3071279043460695e-18
9.131486676120882e-19
1.4817362001930503e-19
2.0358961208182604e-20
5.153008442144598e-19
3.26432716096128e-20
1.6178586109849596e-24
8.06772001942575e-21
1.2638744253892258e-19
5.756280780278156e-21
6.4233235060122605e-21
1.4979010453887117e-20
1.2102425547254936e-21
2.598083312011742e-19
2.713458857877233e-19
1.8891958029873668e-20
7.472953600607778e-21
5.050858714805057e-20
1.6671392644187592e-21
8.860821646768407e-22
2.9207075372219843e-23
1.2147698615635466e-21
5.132579023896906e-34
2.3717766833143758e-26
7.605563651960034e-28
2.640139903594348e-26
2.183714754501691e-25
1.8496076296164583e-25
7.729000216785895e-26
1.1419413975181915e-24
3.0939086980872704e-31
8.348700802079352e-33
3.567085480526099e-27
3.091967063113926e-26
1.1200164364131413e-29
7.306210813848088e-27
1.6680481298066653e-24
1.3250662277108808e-24
1.210485461067922e-25
2.8924008154004684e-27
3.086298647540172e-29
1.0381912219642543e-26
1.0606087494541295e-23
1.2509032280470138e-29
6.1351000227218024e-27
2.9823554668922624e-21
2.170697770050653e-20
1.0967911675715009e-27
8.777935226922275e-33
8.791803820191148e-29
2.557320845259378e-28
9.846530679385501e-39
1.6268614483684273e-49
2.7067594896001008e-37
1.2272831357255225e-40
5.4606576953780285e-39
2.3665327540454334e-25
4.7096680616962034e-21
9.458636652033445e-27
2.778329649133306e-25
1.6642330300783342e-29
1.058005246706978e-23
3.235854727393684e-27
1.332138149139313e-26
8.276987276660022e-27
1.2744600556378395e-22
1.4533576186342427e-22
1.5548293961732754e-24
1.2637909948340125e-29
2.051287268366731e-26
3.228453122138601e-29
1.8221116591979465e-25
9.503033450415016e-28
1.2890074029840809e-20
2.1877859089881428e-23
2.6556306488542043e-27
1.3204566984489894e-24
2.750436094621214e-28
6.195525615145669e-31
3.424524274180949e-26
1.9536959511415835e-21
1.1906524135464e-19
3.0703327298251114e-20
2.4698813572159833e-23
1.2584261565320836e-28
1.3464502095600421e-21
1.3118955199254207e-19
5.16538402238469e-23
4.9923629308225275e-20
5.19475062879201e-21
2.2076119284500092e-20
1.8131631305991084e-22
2.9749237636258985e-30
1.549441157196784e-39
4.200046060470123e-24
7.692928539121981e-33
9.169524525062175e-52
1.4433912074971916e-22
8.005608136701754e-43
6.597556903905256e-46
3.2550278931997257e-54
6.482710302261247e-49
1.9530068611414766e-21
1.0748156985489243e-44
1.906370954632034e-37
2.8429440782245675e-40
2.084823790981042e-37
1.04408847929151e-36
1.8232984738062762e-26
1.7872632270562917e-29
4.084454356939053e-31
2.0368457360747175e-28
4.594892891735894e-25
6.141713048004003e-23
9.977568127758232e-26
1.9438737969072264e-28
4.823746586481032e-28
4.339330755726375e-19
3.098138171760574e-31
2.940910267676216e-45
1.5507530207923117e-40
7.118502219200916e-44
6.104486448900116e-48
1.2553940069030485e-25
3.4938485641982215e-21
6.007212485333548e-21
5.213233787255688e-22
9.072282728057173e-49
2.434935304240576e-54
1.5312960526000795e-59
2.2009479232832798e-60
1.621844271724272e-48
5.914557997485668e-55
2.4135283267866654e-32
1.0164619646750465e-26
5.268380866002319e-21
8.469532726961009e-22
2.1040194317353307e-24
5.550859236577724e-27
6.996405633795386e-24
9.981828562051444e-27
2.6866231823427293e-25
3.063914664758812e-26
3.047357020246084e-20
3.0251451705258228e-21
4.043700385715513e-22
2.0051575543532456e-19
1.0727825169520738e-19
1.8920966130971059e-22
3.689214914556234e-24
8.197858596134321e-25
2.041058922215948e-24
3.867453747876081e-22
3.0682150755426604e-26
1.3274554429037866e-23
5.0125412279548715e-22
2.473602453246927e-24
2.047076071292671e-22
1.7643767740546788e-30
4.023128208054605e-26
2.4229733832711287e-24
1.3789545371602297e-34
1.0014681621587162e-50
3.22616870659024e-44
6.361801125225589e-41
2.413008920852393e-20
6.1664209559022405e-25
3.9492071778638714e-22
5.1842038425368603e-23
1.5934455246686857e-20
3.217007274260604e-23
2.3105940175678213e-19
5.688231216565008e-20
9.010204087664073e-19
9.816915095809066e-19
1.5329213876456517e-21
3.636193915420153e-20
7.096211158761731e-20
8.606363800375515e-17
1.1413134467788117e-18
1.253188623876022e-20
1.1405107288085489e-19
1.5774167846003704e-18
6.879971396987367e-20
2.5975307656527067e-26
1.616919091507198e-22
6.906796250914944e-23
9.274990040033437e-22
1.1694512731687495e-37
4.933719794300751e-19
1.9736110383842615e-19
2.6061344016358196e-39
1.5613445668846556e-31
1.316613491663525e-25
6.12224139227383e-25
3.617552791587822e-42
2.131907480864955e-33
6.75971383255538e-23
1.4323273621539136e-22
1.7023973193161531e-29
3.641024640889909e-44
3.5882035882504565e-50
1.4048929453520683e-47
1.141341573946307e-51
2.403468440274243e-47
3.471175287303967e-49
7.200859974256384e-43
4.622739481827972e-38
1.690857671187152e-44
8.375644018249451e-47
1.2855428795459953e-28
1.26014891666034e-26
3.4791782822315603e-23
8.908425555186009e-27
2.763661459312221e-19
1.5948544734710987e-28
4.071055029359748e-25
3.996882575794039e-22
5.1362970545438805e-21
2.4037801060842734e-19
3.6516176747769774e-26
3.999422368947144e-41
9.867782507504117e-26
4.876007000251854e-31
2.763992240546303e-32
2.6067075812313916e-45
8.160424594773945e-22
3.45046208928815e-23
1.0077814482412665e-40
2.7562449311072e-37
8.505497139567775e-27
5.92605710959476e-30
1.4042025455700445e-24
4.589707019043525e-25
2.0618347009945654e-22
4.718984966963006e-21
4.056377875394296e-29
1.1974555712819863e-27
8.594860538452236e-27
6.356784942998676e-17
1.3578115786540305e-17
8.835084056902712e-19
1.2064769936360013e-18
1.583165985659156e-17
9.449328349887498e-19
1.1504634118971594e-18
2.5502303074021703e-24
1.1421362094302784e-57
2.248057384884581e-41
6.177382530087351e-17
2.2691758937897347e-24
3.087796898523111e-19
2.531760899076532e-19
2.109016965551015e-19
1.9861922508323586e-18
1.1987797441729824e-20
1.6653743095376362e-22
6.867057150757659e-23
3.565854797633679e-23
4.0017019162974904e-23
1.5668401405671614e-21
9.665285715460214e-16
3.578714977348844e-18
3.984882037898181e-19
1.97948265199964e-18
1.0781690376152333e-17
4.769749728082814e-20
6.679277250778234e-22
1.7447029138815854e-22
2.3596210130313866e-25
7.085999706106086e-20
2.2384060773856148e-20
4.032533690414566e-20
1.0526919772553075e-19
1.4233137874729233e-18
1.1767724576176283e-17
1.075207678664983e-20
5.5414238490086296e-21
1.4209505884168416e-20
4.457667947711451e-18
1.667581086628602e-19
2.637721572863363e-18
1.4593723574441117e-28
6.531511967929696e-24
3.204417486714191e-29
5.992111298177708e-31
5.27353601474076e-28
1.0794422810438877e-53
4.422360732411715e-34
2.985045153531967e-26
1.56135052689443e-28
5.154038881246232e-21
1.2402916515242279e-54
9.324830800287247e-56
6.007431608615919e-28
1.1259620467351538e-19
4.9948314316753065e-20
5.999852863437162e-48
1.0668611995448531e-55
1.3566084097847425e-30
1.02796490829471e-18
6.803291621189848e-24
5.227876030106889e-18
4.336508647464458e-18
6.143511862601357e-19
1.4173190993251635e-21
1.8838323351552562e-22
7.185554960421964e-21
2.125260873112027e-18
2.80711519106855e-17
2.463165272056224e-16
4.606929405726282e-17
5.392466853162717e-19
9.234680402409972e-21
8.77231734921569e-19
1.785212966648919e-23
9.225167521591469e-18
3.989603402059663e-18
2.7478109250644278e-21
3.669689944660221e-18
3.641774725873463e-28
5.3171225830809334e-33
1.7081454849629372e-25
4.2813954074607325e-27
2.405908792710399e-24
7.012496800414599e-33
3.2019828739880035e-22
4.0340549846682165e-21
2.4671611424334004e-25
1.3969732918174863e-22
4.0195036921559346e-19
1.2817859173376451e-17
2.134778808796437e-26
1.2522389510961696e-41
3.772065532992756e-22
2.3434955512548314e-42
4.072876763361742e-46
1.5458894578796838e-26
1.0522887735478666e-28
4.132459145857163e-21
3.581670483038866e-22
9.155804250872391e-21
3.1861302818181523e-28
1.6409370152384132e-49
1.9358542590325846e-42
2.9125232813617344e-41
4.587610891820373e-38
3.102593480683796e-26
2.9467685728603263e-34
1.77510175374946e-46
7.083029564231292e-26
1.2490359891132982e-27
1.0070641649620973e-49
8.079675092222073e-29
4.512749775833977e-29
5.667260661999488e-37
7.045007606262314e-25
7.978602332532288e-26
5.390774380605374e-24
8.207271205933396e-27
9.162539453341177e-47
3.335324824803557e-30
8.657018443463196e-27
1.1459270664024742e-27
9.810740448566586e-24
2.0749006113053734e-18
3.474023219136736e-21
1.6071706352682996e-18
6.22096066799852e-39
4.756574977882008e-42
3.945906331942966e-40
5.198335009084027e-36
3.32014622120659e-42
3.616370707108097e-34
1.0538999245153362e-20
5.579707486865799e-22
3.4242828707943206e-20
1.4471288807991276e-19
3.311389537775812e-20
1.6872885260773247e-19
6.529093424446883e-21
7.099333249236175e-22
1.1249142462560292e-22
1.0087811028731122e-25
3.893719580121737e-26
9.684189024358752e-24
1.147522595748371e-20
1.6476184814104096e-24
6.959121969727726e-31
1.0583995981115467e-23
1.8371734761487452e-27
3.2054251476224276e-21
1.2560175010495783e-18
8.664356151303707e-26
4.125314406496082e-24
1.2891605296681447e-21
2.0213121756573418e-24
2.973781400825668e-23
1.940722805557862e-27
3.336906674397438e-27
9.718512823101515e-28
2.887369875382474e-25
1.6399350327522633e-21
2.6873408820410123e-26
4.385369012434064e-28
2.9553703467462923e-25
2.8374164332990684e-24
4.627274178408953e-28
3.64099231585876e-22
9.574572960917676e-22
7.629415128527375e-18
5.466352405765987e-16
9.551359583832585e-19
7.158108861280373e-17
8.152036250996102e-21
2.4216970468105962e-17
3.4229005431100483e-17
3.220746963218087e-19
6.758671742531796e-23
7.775978377788234e-18
9.789528831416911e-19
1.3143469955992246e-20
6.509818353720974e-22
8.645548590892671e-24
3.4142358150286857e-23
6.734862399045364e-18
1.144074702434761e-19
7.23273727180861e-17
1.1561361494454998e-17
4.266557184772584e-18
4.4539613189231025e-21
4.444646541560506e-22
7.708720348055487e-29
8.003942305569821e-30
4.886450709366343e-19
4.678474754934579e-23
1.4065699273085713e-23
4.901688313057303e-19
1.6441298226578176e-26
1.9065695435155439e-19
9.17114188273574e-22
7.650453729258344e-21
7.094233710912658e-20
1.5563504848935019e-21
3.562702597837042e-19
9.640811326874234e-21
2.277448568941701e-17
9.87179326251963e-19
1.718379905497798e-17
1.9397982994914976e-19
4.8380946867943405e-19
3.6045828417566564e-17
4.726925223525462e-18
3.614237277828235e-19
1.8464885349883154e-17
3.512462141915716e-18
1.3297542975037377e-21
4.455139293157563e-30
1.7534096159902354e-34
9.062381964875338e-32
4.7868991704869885e-21
1.2778218605273336e-20
1.4691128077981496e-21
3.6800968070118415e-24
1.6414159068679904e-22
1.6445125658055482e-20
3.339441037339966e-23
1.3871895976184403e-21
6.326289265219123e-28
6.5790640010800965e-22
3.7626374837611896e-22
6.768851526299865e-26
1.5570267935227572e-26
1.9870321231234327e-23
9.596308842882529e-23
1.0745391608653206e-26
7.141130616258712e-35
3.57718308650187e-34
1.105051962161173e-25
1.844702828875633e-25
7.276721342956519e-23
1.1049057132339062e-22
3.740514238411247e-21
4.111111343288333e-22
3.440323883228945e-23
7.296781176370714e-25
1.6388725524375798e-24
1.903009477131688e-20
2.373934517100895e-24
8.854628410787032e-24
1.2365359527248887e-22
4.0951309431843264e-24
2.533755296721843e-23
5.097565915467036e-25
1.8660510902996178e-21
4.930392704195498e-19
3.093556613899568e-21
2.1532702449602802e-23
1.1074188563837314e-32
3.2845838873363265e-24
2.2477186081876716e-22
8.830853273076827e-25
2.3701427363793963e-20
1.284234460533966e-27
1.0852659514739879e-24
8.098378980768585e-23
2.470160541374354e-26
1.8947726961063945e-26
7.815782766709497e-27
4.385744493925345e-23
2.479458942856897e-29
1.28604460350989e-32
5.85805946229059e-20
4.8577915345193565e-27
2.834353077353673e-22
6.730727613073876e-25
1.6351863072348998e-23
3.247618395264167e-23
3.356598343753118e-30
6.935151276793714e-30
9.74917432111253e-24
1.0923666428202478e-19
1.2943550456903044e-21
2.2283786131536913e-21
1.984406218729124e-21
2.309507189306579e-22
8.932306252167576e-22
3.529517651504281e-22
6.877752503783528e-22
9.940108174897688e-21
2.2597445413768133e-23
6.591999114888525e-22
6.79306570738486e-25
6.1458860684568304e-21
1.3540294526385543e-23
1.7338610933921723e-22
1.0279286916414044e-19
2.216891819675638e-22
6.324377099781765e-23
1.4230398523463152e-24
1.1017934722276159e-15
7.408292575762016e-23
5.883892415223173e-22
6.3212891223814586e-21
3.5738383636833164e-23
1.2251656986188076e-23
1.9209145356734928e-26
2.3230301635037323e-23
1.806735516072737e-21
1.9145725444263938e-22
5.412398340181024e-21
2.0474916389360802e-21
5.4211519510083705e-24
5.564715850769097e-24
8.179470407987592e-22
1.1539967781859612e-23
4.1982561985972696e-23
9.425844013040102e-23
2.0988296359755035e-22
1.858981173009631e-22
2.564947133319133e-21
1.70062704695889e-24
1.065643536094146e-22
9.954274691198246e-25
3.963213563686144e-24
9.60421975998949e-23
4.911916122438947e-24
4.608536171542436e-23
5.3961620626414845e-24
1.7009741377089564e-24
7.31453118130296e-24
1.6040001815735748e-26
9.487635266952548e-31
4.688031911912735e-41
5.401234727281965e-43
1.262933738493056e-38
1.5111446898851442e-41
2.3390729778604738e-21
4.226313979901786e-24
2.4684216909643454e-24
4.9512315720772854e-36
2.6340079627146675e-28
1.2916890573792486e-19
1.4134182670408202e-18
1.5973185929387715e-17
2.1307134662968822e-19
1.2944729423552985e-19
1.0162980614323913e-19
8.491753956147149e-22
5.4523130026163e-21
6.5808325921775894e-18
2.6970870879716573e-16
3.343082149535576e-23
1.1584833749753985e-19
9.25819181136336e-19
4.640388985865264e-18
6.170141898948283e-19
8.199474426175718e-18
2.8044296303761964e-19
5.534849576813771e-19
4.8807856520650625e-18
1.6561453646123297e-19
1.6233449864124241e-21
1.046124461437707e-26
1.564377528469136e-22
2.962015333445787e-20
3.3067159652411496e-20
6.994673869665866e-19
7.572840342137768e-06
2.082681457367584e-18
2.4598635209396096e-22
5.0618424983340585e-21
4.7407681947752995e-22
9.865949149494458e-17
1.8528768227559482e-19
2.210698157175409e-17
2.229589562073222e-21
9.239207544543115e-20
8.594307014920067e-25
1.1118350362427899e-15
2.5566682108925274e-20
9.565452546950564e-23
1.406228624329243e-23
1.854450177507663e-24
5.64249576974626e-25
6.836235872508673e-30
2.510977581122241e-22
1.7638394011307628e-17
4.488163581487475e-18
2.526901799868708e-16
2.2473364019723854e-23
3.0935889794582222e-21
8.378143022584136e-21
8.287772206925412e-19
4.0339759979866054e-19
3.2907385398544334e-21
1.1605203195001578e-18
6.3355850498895874e-18
1.801197286130891e-20
2.9555781946484864e-21
9.405874449940743e-19
1.203213295262673e-19
3.9857203156701027e-20
1.0385509198016143e-19
1.5428474206017696e-19
4.2358993833637494e-20
1.5907384586604426e-18
7.233094570316241e-21
6.052661960540598e-20
1.5066488314262785e-19
6.811413428768565e-19
1.5143427413119278e-18
2.2344936649451994e-16
1.314814224629359e-19
2.3484798941703847e-17
6.628324882333757e-17
6.172201859082658e-17
1.3673524512118163e-23
4.439760242439773e-28
8.196282818191413e-24
7.598438089751795e-24
2.2447637123706775e-21
1.6238123236456242e-21
1.2844092876902862e-25
1.7835436961145644e-25
1.0097844308198312e-20
8.850842300903413e-22
1.5752724160896965e-22
1.5680900970323292e-21
6.628480633371096e-25
2.37584979796791e-25
6.659500777338448e-26
5.886582717958438e-24
7.356538530424215e-24
1.6813299305986884e-24
1.2628737369934875e-23
4.398223306799566e-21
7.113675266632585e-23
2.5994740961671785e-22
7.343366611703989e-26
4.122141495517848e-24
2.5889265759625195e-21
5.938862361323861e-24
1.6284754478928036e-16
3.7526304591110144e-18
5.605980095243379e-19
2.2809947847211616e-17
8.80685009598081e-18
1.016176415903539e-17
1.9013220067728506e-17
1.9413237530417185e-16
2.580344999626991e-18
9.321527815399247e-31
1.168845132192579e-18
1.6344711299504898e-17
3.5959277884687827e-17
1.9200111674764203e-19
1.2040568695108742e-18
5.160073031315967e-19
1.6617943784114655e-19
7.807514380055318e-19
5.475501530806897e-18
2.3080410525119862e-17
1.2610860038011787e-19
2.9293748567407286e-18
2.599629238551767e-20
3.7811721106523243e-16
9.376260964756418e-19
1.8178346531254665e-18
1.001643673023381e-16
2.4077343233269586e-18
3.0899572522691287e-19
1.4475740010050066e-21
1.197082822216079e-22
1.1820433515268496e-27
3.266488824354393e-32
2.677915999907989e-35
2.2018287631936903e-38
5.95557886589467e-38
7.615144757218869e-41
6.146194183474282e-46
5.000946411932334e-45
3.3258143261325776e-58
2.429600868221343e-66
4.514778213938909e-58
1.3546128024294933e-65
4.991410498220568e-72
3.407227824695796e-64
1.265067139374517e-69
1.6416939182113425e-75
6.883433422893442e-78
1.1773095747590612e-77
2.685284362810477e-85
1.6587650882079737e-70
2.634543415168354e-82
1.226916310274167e-78
3.9141023652531717e-84
7.553924003964697e-86
1.975971042661216e-89
7.346831212044726e-96
1.163760309992086e-93
4.597725340486597e-101
6.56996223288997e-103
2.453739969193457e-103
9.82488599946362e-103
2.3128741469498386e-101
1.0799037375877706e-93
1.764766424154797e-108
7.426331497126317e-109
4.886720195020653e-111
2.6610796168332915e-113
5.285282927057457e-116
7.603264579718276e-115
1.0314165785760864e-115
5.94427008626918e-123
1.8261046314869964e-122
9.353344628039476e-127
3.530215600345178e-123
2.481549628626801e-124
1.3249999022922617e-128
1.0266938689712867e-129
1.8417280387651886e-129
3.4480370163777075e-142
4.982711598263395e-129
7.282609317646297e-130
1.7181421605208403e-137
5.420904017594576e-148
6.127518217553247e-141
3.134351255753171e-133
1.1699336088724694e-137
6.864535398020881e-143
2.9802402894945247e-141
6.684314304582193e-140
2.812100993796383e-152
3.589731747517701e-141
4.293743712727889e-153
4.721267370103728e-156
1.2676922588813472e-149
5.368308773127909e-135
4.6549588822569676e-149
1.603960203993355e-149
6.452754073651283e-151
5.861036601615539e-158
7.222178875028833e-148
1.416258618751923e-154
1.4422674032172903e-134
1.3907755380389385e-147
1.6855545490715533e-141
7.077538598073948e-141
1.328284295371653e-141
1.094119658692798e-140
1.3530051730869791e-142
2.2493749278798297e-140
1.3950072798460295e-141
2.927697373904058e-142
7.023621373618688e-142
1.5072916495008008e-147
6.9669587561045086e-155
5.99761920602165e-157
2.1002752134017738e-151
9.675808129486456e-157
8.173820029940258e-144
5.2314907398649214e-157
7.330696937623612e-159
2.59614012896467e-149
1.1283831465908394e-148
8.090969813675358e-154
1.343745740773094e-159
4.576492344096428e-159
1.9533984390689734e-145
2.049899152973747e-145
1.526671997352723e-160
4.375306070139675e-158
1.0779746439241993e-164
1.9995176348141785e-163
1.0134890426520625e-140
1.1030013826716682e-144
1.401789052876363e-151
2.243738673440721e-145
5.445798639792449e-138
9.09718652745427e-146
1.086214903564581e-143
1.6309844974233336e-146
9.094314420645064e-148
9.2095286399037e-135
8.076702866286313e-142
2.8161608341557833e-139
1.0714062962080493e-139
6.825527023301328e-138
7.125810785372792e-126
2.9089401125880965e-124
7.380062116126837e-113
3.764555778693614e-105
1.8685157761296027e-108
3.8114815227381907e-113
3.185085915914108e-109
4.622595626219776e-103
4.1809035344680526e-111
2.0334806533496685e-106
4.8986342070051906e-101
9.171866184462466e-99
3.986902429974403e-111
2.7979833243945228e-101
1.249707265853187e-92
2.8740551009906646e-92
4.608888545731363e-89
1.9950015079390957e-87
1.068719111255409e-87
7.483082758242403e-88
9.381195121937376e-80
2.1977459909213644e-84
3.659230908056154e-72
2.850201837630359e-142
4.317598792441961e-141
1.0884749027153715e-148
2.021796246176537e-149
1.737547312257181e-145
5.030480842581617e-148
1.8265828732779144e-147
5.024558471315237e-144
1.0330053235831067e-145
1.6807725235374752e-150
6.395665153167282e-155
3.7829023479262394e-154
6.180613661294402e-150
1.264205823295468e-150
2.700431303115587e-142
3.253063621033031e-150
9.753561856662976e-144
4.077422637039424e-154
4.296798925043621e-159
3.052790283158496e-156
1.0894230510081192e-158
2.9008561157884635e-154
7.412028582134946e-154
8.707474870845317e-149
1.0642867190975308e-152
1.684428190736309e-151
5.646911538244075e-158
5.782174796941057e-144
1.5174533490562906e-146
5.84394384945524e-154
5.822756757978053e-162
3.9144291376619484e-153
1.7748312903001806e-148
3.2113715443840206e-150
3.7312382083848404e-148
5.352412300556848e-155
9.716874060686238e-161
3.3620771360006294e-144
7.984925368820416e-150
2.75939008443634e-149
1.6666673575401993e-159
4.8037173026523814e-167
4.51320226548314e-143
1.6269866085865664e-150
3.0331659601234633e-152
5.155998266405345e-156
1.086488803610999e-151
1.5582589606502848e-155
8.340130549724158e-160
5.312784103636769e-159
7.337953599226947e-163
1.2454763803034328e-159
6.776873803027275e-141
2.5893082605448574e-161
3.4963246293405856e-144
6.828341920680361e-166
4.824848025666922e-158
1.295088252964928e-151
6.061475640613599e-146
1.067904092651805e-133
3.0713659092231746e-154
3.989644647891453e-159
9.57647344326132e-155
5.5127178503020654e-154
4.2342234539073045e-145
8.46259222227362e-150
1.2205858771547495e-146
4.757242068992489e-146
3.9583756256735654e-148
2.775819505104106e-148
3.2630228019730104e-149
3.2059384276365904e-143
5.335677989135846e-150
1.6804556072678036e-143
2.4305370528365778e-142
5.261319687983462e-140
4.01722032905758e-144
3.685441565591161e-146
8.852918488752898e-138
1.3114356444590195e-142
1.2020603022637908e-147
4.7118106963814825e-146
2.687439702158001e-140
1.1089385952977733e-137
6.349796040317447e-137
4.1365592552942727e-140
4.0632081573194e-141
2.9606043101290943e-146
6.0271442798917726e-148
1.7666626957807394e-142
1.5633109500943407e-150
2.323567914854237e-149
7.367586659713512e-151
1.2073585477736532e-153
5.404081084415723e-156
8.472696999632068e-150
5.828417413808862e-143
1.322106885977891e-137
2.6021331934807172e-139
1.4861912425763193e-141
6.453673181421906e-147
1.0034177938008692e-147
4.876429709707162e-147
1.3857757959614217e-142
3.2043285051863893e-144
9.613421496327713e-150
2.880580839605113e-157
2.324718311616435e-158
6.673357186026623e-162
4.526014962254738e-162
1.671021169448645e-156
1.5735492389185326e-161
3.4577778951765537e-162
3.766146012358722e-164
4.543653730262624e-165
5.463387778659409e-159
4.811255406555425e-164
1.1793577909176904e-156
2.4989202163520607e-156
3.397661428483173e-162
1.0980240412426142e-151
3.987417958589132e-158
4.046148264992107e-160
3.3368911369346334e-152
1.0114058399767386e-157
6.796160402299504e-157
2.5571927343575083e-163
1.8652041480853888e-166
1.5840247835637164e-160
3.716783335221138e-158
4.5422101625405136e-160
1.168888871033659e-158
3.663911441175855e-160
5.787613358547492e-168
2.7089217201961074e-151
2.4570049527116427e-157
2.1510620024232185e-154
8.262130753147436e-162
6.545994786638839e-156
2.574929527874611e-159
2.2040838938307026e-161
2.2947715853860293e-160
1.4218729519436376e-155
4.6399259271526616e-161
2.3278874958845714e-164
1.2682326726586691e-160
1.691269020908702e-165
4.70016055935258e-168
3.1049577644765865e-158
2.1927990417166677e-168
1.746780021223252e-166
1.3676836633126714e-166
3.003933270962148e-166
1.1811647933057497e-168
6.706751904020734e-162
1.7339237366584043e-173
2.716683591496467e-169
4.395582855596635e-168
5.527825285012361e-167
1.4553798125935316e-162
5.745633810423859e-158
3.887466849725253e-180
7.815286476474204e-178
2.2559150886191773e-163
6.07300029355912e-181
3.596375267218277e-176
5.214903144643436e-178
2.9542297084460408e-170
3.151471888531628e-170
3.604954602492038e-168
3.6565518996191624e-180
2.4428723949726037e-174
6.045759279572846e-174
6.834186638286242e-173
8.742019536714021e-174
4.1132107503703544e-168
5.9281001602405336e-176
8.370387811451019e-178
3.972734983195144e-175
1.0251663205520063e-170
3.214234818105408e-174
1.902547415258446e-173
1.4691832374417225e-168
1.6490803213946878e-172
1.5708459865230403e-169
7.905358034652299e-165
1.174715035221272e-171
3.37781830046961e-175
1.6226096732912e-175
1.1769350810973488e-172
5.555235779642353e-157
4.142842450128997e-178
8.801291964404796e-175
5.877272968024011e-173
1.4094077777153147e-171
3.736296971977918e-164
5.784179906211299e-173
1.277865300818591e-176
3.690073483908114e-175
3.735793777867397e-182
7.87437806007106e-167
1.8706218729556865e-173
1.1926725759100602e-174
5.04311633443032e-170
2.9444221327219967e-173
1.3846244889561703e-165
1.0474897551538692e-170
1.2219284917304984e-167
1.0270734873064263e-172
5.442484890978072e-167
3.245302294270651e-163
3.3905634647561984e-159
9.656526213816544e-171
1.2363575841754777e-175
1.845531418718215e-169
4.4341639244179513e-162
1.3815790606461785e-167
3.15245511902958e-160
1.9660754648488263e-156
2.290140954698816e-156
6.722416154220705e-178
4.365997686162823e-170
6.051870885905153e-172
1.0897751276460116e-158
1.1436946402181155e-164
6.456731976237625e-161
3.4688325838957325e-172
4.2207551932316764e-166
3.483649238916421e-159
1.9538852414027304e-137
1.3679713404557462e-17
2.1485900929944676e-19
2.575353057685926e-19
1.6098678209266472e-19
1.5860230900582148e-20
1.0558857267762417e-19
1.5079945078585547e-21
1.5162325464434115e-19
2.1665261023646037e-20
1.2550210832293754e-19
1.3188168821113403e-20
8.0762356467806465e-22
3.710202381760948e-20
1.559759687409006e-20
8.732802693530449e-20
6.32068091359412e-22
5.09283754971227e-19
1.9875294425788791e-19
2.155573974118262e-20
1.5625269424243358e-22
1.016024847896649e-30
3.9410852398177874e-27
2.666997569494574e-39
1.93534810004377e-43
6.364231904105929e-42
1.0810763685554596e-44
1.0852684454377191e-39
1.4264004704041527e-22
8.754179075653849e-23
9.909118662140302e-20
3.9372670945016846e-22
4.38180131827852e-25
1.785188036036845e-28
5.8793548311160215e-28
3.733726094467321e-32
3.2637298130941453e-24
1.1681346741403053e-18
3.957756119054899e-26
7.033955238472694e-24
1.81433091576763e-26
9.823872325544349e-29
2.6852495557973524e-27
3.683387262749408e-21
2.9967104334594103e-19
1.2020164916369333e-19
1.4926398435307126e-20
3.0211237825482117e-21
9.675818052235292e-20
1.8283667635738076e-19
2.1158552906135596e-21
8.19810270442755e-17
6.680241911469989e-19
4.859817127358193e-22
1.2535996544376328e-19
1.7399031051315538e-19
1.1504554033999626e-27
8.29484883545659e-30
6.461074896554799e-19
7.366452526870137e-19
3.9862985218027096e-18
6.384581257562477e-20
1.8090738568547236e-21
6.915494933654295e-20
3.7650883038572723e-20
9.075801814636234e-26
5.740845075937705e-44
5.473854286724845e-22
6.20346543251694e-26
2.8560420258869523e-29
1.061269082640609e-30
7.859592754093501e-33
1.056645338184095e-27
1.16439277618132e-25
4.5813624171037795e-31
1.7724566269212117e-23
2.5894296560864397e-19
2.3990091249202653e-31
1.1659601494750696e-33
1.530776702416128e-24
3.7956216168027314e-24
5.190560409521208e-33
1.4836890525083337e-27
2.539582230555628e-26
6.328150446646016e-25
1.144946449992066e-28
4.119535328665697e-28
1.8160815080937423e-21
2.091303279349412e-23
1.761929491682458e-25
1.4043580310290482e-24
4.9622197044650205e-20
3.736077429468076e-20
1.4846588258722177e-20
3.1035907426837365e-20
1.2199167551362557e-19
3.856365632390452e-22
3.4126072934199136e-22
2.3286255353421343e-19
2.245597277063399e-21
5.8794682636592136e-24
9.86901274181337e-21
7.635714787711085e-22
4.62145947165461e-20
9.792872155845102e-28
8.299915788232483e-24
3.4546657616619223e-22
2.123981294695028e-22
2.0533784888533007e-25
1.9282228675320378e-24
2.767640595831899e-26
2.2118796323499434e-25
4.594495586334309e-28
1.294154258010022e-32
2.9438671622466397e-31
4.6879373801439155e-26
1.1063092427037653e-22
3.087656227151411e-20
3.0693182518296294e-20
8.232047694915171e-22
4.000286483224816e-20
4.165399437121162e-20
5.818617304682642e-20
8.230964228270289e-20
7.367944222825189e-19
2.2558596074660952e-20
2.7706663987248465e-23
2.3878657315119072e-20
5.232522459344285e-20
1.1243009484830043e-17
6.206223937108536e-20
4.017510963882802e-19
2.4863153170020043e-20
1.8497009852870676e-21
1.473231459137586e-20
3.284208253417439e-20
1.8508549929027227e-20
1.1024458428706498e-18
2.113611370804333e-18
3.621030032504828e-20
3.846729555118315e-21
4.7966566209880274e-23
5.854688671821084e-19
1.0458757772066915e-28
2.3356966968865387e-20
1.4588491027938498e-21
1.0916697750798943e-22
3.476723673992961e-20
3.2787878131339386e-22
2.3014414210884536e-22
1.399116997842675e-26
1.0064207157351038e-20
5.1844661068398523e-20
1.8765884269459154e-20
3.551204720605226e-20
1.5630690767524455e-19
5.020763496244662e-20
1.7851107465086847e-20
2.2618456615565448e-20
3.52579658965617e-20
3.6241847141288524e-19
1.2229930702181298e-21
6.136026120868583e-19
2.9091558870564875e-18
2.0201019054253627e-19
3.3029554777536554e-22
3.876114890676723e-20
4.6599072626603865e-23
1.8519708745877627e-20
8.395407683799085e-22
1.6648555723085494e-22
1.157922698538617e-22
6.412148199742874e-27
1.2206148094194132e-28
9.072401734643336e-20
2.192848346166744e-21
5.13900497297217e-20
1.8070584705401262e-26
1.04915646413172e-17
1.4904363957615693e-19
2.0452990965443663e-20
6.533107111136089e-17
1.0130869328120436e-18
3.529215167421165e-21
3.1210620771897827e-19
6.485997683078408e-18
3.798039412137748e-18
1.1223731747984393e-19
9.291987572108016e-18
4.175149344167521e-19
8.193292766630313e-19
2.6826218366407462e-24
3.7050176238344677e-25
1.552931772918586e-22
8.574410215911162e-27
1.6297687054352537e-21
6.56596033759143e-31
1.970366843763387e-47
1.1433635181794594e-57
1.6199172789332206e-67
2.180428861332046e-59
9.313630360554962e-55
4.2971637484775346e-48
5.57130167946509e-23
7.414554740170739e-20
1.2271301409413042e-18
1.0123754898134631e-19
5.853845599077916e-22
6.248613757158651e-19
2.715051839590874e-19
8.09345658891958e-23
1.595628665707779e-19
4.6958830045077296e-18
3.688316908704535e-20
3.542562494808804e-21
6.982071509787229e-20
1.8816894796728174e-18
2.2770760169097043e-21
2.904919436400858e-21
4.491693945743626e-21
2.4727483908312964e-21
1.125535694116981e-23
6.374604013240373e-22
1.0695576374568193e-19
1.5625523193449676e-31
6.04350012281725e-27
2.947979995214778e-23
1.1738552055449367e-29
2.015748172463912e-23
6.212040024824762e-20
1.8896465553374173e-19
9.188300037402075e-23
4.725649891223013e-24
1.4044338203839386e-26
5.826886869961978e-31
1.6915787697376912e-28
2.526891811155291e-27
1.4128160876816288e-18
9.715820821505551e-17
8.65965478248888e-20
2.271713960249721e-20
2.6881539619967042e-27
7.998785212241663e-22
2.8584809511344452e-27
8.357014480226357e-29
2.244003782761028e-22
2.205611192998409e-22
5.5312021675386265e-21
3.176291893900286e-18
7.297683165864344e-21
3.286423281265354e-17
3.1378396188992633e-20
3.7690163554188726e-29
2.1776765306710152e-17
1.208441456402139e-19
1.2834697557197907e-17
1.6756220892275365e-17
3.65964642090118e-23
2.5290030662927962e-25
2.0483808835514335e-51
1.3691275122000012e-35
3.51331517806168e-33
3.136395676936579e-18
3.5299810335857727e-17
3.0323619301352846e-17
1.740717380406373e-19
3.7962045318684936e-19
7.205349453813803e-19
1.149277958712246e-24
1.2204127065009519e-23
6.190498427205248e-25
1.6467124293258548e-38
6.40334406907468e-36
4.8647807254240136e-23
4.0423242120995075e-27
4.486679874412236e-28
9.404390528033454e-29
5.546263440002927e-21
3.104117802683962e-29
2.1168991480900966e-30
2.335990890656874e-27
4.0188012483683474e-30
6.403646439760635e-28
2.2043562101094036e-29
1.6853354590843866e-18
1.266428575525053e-26
6.224610831548614e-26
3.68862446594141e-25
2.844732063221795e-22
2.5699399415027926e-27
6.438673148297193e-25
7.00210473657229e-27
5.436464226052201e-20
2.023404138144621e-26
1.7973112371190026e-18
1.8268837926370268e-22
5.362680857604269e-20
7.475467727374573e-21
3.4367152397653358e-18
4.323607146324001e-21
7.3202708210634e-21
9.14407313446044e-22
1.2237877985151311e-17
3.6779559830781284e-22
8.248699934100256e-20
3.568484097175301e-18
1.6034267286370536e-19
2.769982306061554e-20
4.150502838347085e-18
3.590930147509141e-19
2.6404007497876707e-18
1.4018872186073143e-22
2.0873693549508568e-20
1.2369378875704397e-20
1.550002459234888e-22
3.2516386566613845e-46
1.8476239455164239e-28
1.5549599546343102e-24
5.11182745876504e-20
1.4572060678985974e-23
8.398505400047207e-25
3.8801584129168904e-19
7.345031107276518e-30
5.222526783628823e-28
2.0619514307871581e-23
1.1611416583710695e-24
3.287014783506975e-25
6.894875521556942e-25
9.409933667527764e-23
2.3958127305469035e-27
7.691033488603805e-20
2.2138068064945555e-28
4.457216293442642e-23
8.79657547734666e-22
2.1073097770120043e-18
5.776538326193504e-19
5.2326114211594284e-18
4.6426778085698935e-18
5.890216940970993e-17
3.6209006763696164e-17
1.4447924487992702e-15
9.927805359521796e-16
4.16075585263635e-18
1.1794338127976583e-21
1.1210314629700031e-33
8.176986791762808e-23
2.9131723135562e-22
3.3267503148972714e-26
2.2233280997336246e-24
7.560155246768714e-28
1.87415275756374e-20
3.845629984660859e-20
1.4202085772201986e-22
3.381584885862575e-20
2.549214884276593e-21
5.5130994569594945e-21
4.519530967953886e-18
2.4632289155346414e-23
4.465554011984065e-22
1.130008434380904e-21
4.331038710333706e-20
2.537964542931444e-27
3.895308846910152e-31
6.020510738526791e-20
6.700679965567065e-29
2.467841683019513e-19
2.239662574511448e-21
3.3532458789687e-21
2.8203977304668064e-29
9.215010308587233e-27
2.8761435041876524e-26
1.228101665537212e-21
1.7440143448961896e-29
3.0423547055094423e-18
6.303084561731806e-18
8.222413525334172e-24
5.764776770831423e-45
6.553641706990137e-24
8.299713686002742e-17
5.294635299856918e-18
2.9135639905833584e-21
1.677510890732709e-17
3.6688758876409636e-19
1.1117270249370266e-18
1.2852762121970736e-19
3.8880176236854595e-16
6.212657012277129e-17
3.544353728867713e-18
2.4300699012890384e-16
1.046754346236013e-18
4.869892323890217e-19
4.620034924114033e-19
1.099734862502158e-22
2.2496177434441523e-22
1.4747707402732565e-18
2.887263794823111e-19
6.098712798944604e-21
3.642821895273169e-18
3.3652846991909386e-24
7.957073511512393e-26
1.2089176987473454e-22
2.61345470481646e-24
1.0071523637117419e-25
1.0523196082488519e-28
4.342990428876943e-18
6.028859803480232e-32
1.0967231232852309e-24
4.196402158339854e-26
1.469749296015627e-28
6.923928912982844e-32
1.1779164089572573e-24
6.679635160004519e-19
1.2306329785317435e-20
1.2650902387736974e-27
3.902529538585192e-28
3.505402121004368e-32
8.128834147702434e-32
1.8776947455421292e-47
8.663443190547081e-48
4.0649898489293796e-49
1.8149649511424427e-50
5.011274634755998e-44
1.158296918009038e-53
2.8535420694837516e-54
7.642168195321114e-58
9.133310605528592e-56
1.2079765608574086e-62
1.4768986292751093e-62
8.819027341207186e-52
2.2526397246608501e-60
7.174136265188711e-58
1.2630490027115582e-53
2.9400892182254664e-55
1.5826393730852755e-52
1.9411347722352508e-48
1.2611414246834603e-51
1.024109542085759e-50
1.3004640296612429e-47
1.7491024939192587e-54
1.7892472355405663e-49
3.465107498056354e-50
1.8004899085442897e-38
2.2740397269663257e-40
1.0614349106085857e-40
3.8799586794263395e-39
4.966533435631442e-43
2.7197858771693804e-49
8.000341784422051e-49
2.1749413141138492e-47
7.502634748801101e-47
4.667428898777035e-44
7.394976106829587e-50
3.552312815514423e-47
4.64587074679236e-53
3.9835864213302574e-42
3.5682960921797473e-44
1.7988877802130562e-41
2.347490175359665e-49
1.7468582128916663e-46
7.952387538032216e-51
2.5787044438815223e-52
7.7410375357651125e-56
3.1057698982053553e-53
2.4770238287233097e-56
1.3144708510406977e-58
3.2006424860935755e-52
1.31875190371487e-50
2.415913704701948e-43
2.4594190642595816e-50
1.7947789415104672e-62
4.565322179449032e-47
4.295744072775923e-58
5.9218636423177025e-55
2.538877080012086e-57
4.814666059922173e-58
6.506681820308362e-56
7.794138104049956e-54
7.24602742853703e-48
2.204379637305063e-56
4.393228987061801e-56
1.156559953274086e-50
5.14206732549583e-50
4.117986861352715e-47
9.726022079324657e-59
9.352037754797003e-51
3.126395184885982e-46
4.800155523179512e-53
1.4625874233744497e-45
1.2675802779889591e-44
4.41541666078584e-49
2.320532957162019e-53
2.2733110377522623e-54
4.947840429883906e-56
1.9980447756578074e-46
1.5177374054719369e-49
1.695199302757372e-54
7.46874790746669e-45
1.5006341626445911e-44
5.0388276016821073e-45
1.118992911317537e-51
3.4901496528694997e-48
3.628330570153596e-60
1.4591961244226647e-53
1.425867463720068e-54
3.799877586393485e-46
6.781478453520552e-53
3.882767204241051e-57
1.1852884902992666e-53
2.314783507473855e-56
2.0120247054863845e-59
1.3629487414859866e-41
9.173083350705349e-62
1.8780071751643592e-55
1.1300158138499096e-59
7.426892822342589e-65
1.0774720367236531e-55
6.236873709865039e-63
2.4799570895628284e-59
3.784239470534912e-54
5.802649796008233e-50
1.1440520218694697e-51
2.274777146515782e-47
4.620939033011049e-51
3.082798700091511e-46
1.3065157100301777e-48
1.3871348675494385e-48
6.6188621010907305e-52
1.7572741249429691e-56
8.610522156785932e-56
3.559870822486974e-59
7.36503065205715e-57
5.811001716746463e-57
8.773291322235906e-60
3.1496949140096353e-68
4.046530820366156e-55
1.3137186307638846e-60
5.733819115094686e-59
4.473534857963461e-54
9.533074928401047e-51
2.234214170281155e-59
8.811130889226035e-48
5.670610184642158e-53
4.39246113399061e-62
5.278912898397285e-60
3.6484147641199726e-58
5.708651874029634e-59
6.747957991306267e-45
3.2304200530942427e-56
4.630790419597962e-59
2.4626519187586294e-59
2.6420841385146932e-58
1.1076997891142615e-62
3.0207971441963673e-61
1.1521708303552368e-54
3.248327401843501e-60
4.3161634996812906e-60
6.214957550000889e-60
7.44455926310077e-62
2.4651994470241445e-51
2.2222287003209516e-55
3.6813933695199026e-54
2.3220232831797435e-53
2.027612381305615e-70
6.006776630183773e-65
1.441491095513199e-57
1.1232878168932138e-63
2.758428373808147e-64
7.6072335440942035e-59
1.3839178051870496e-57
9.744096755092238e-56
5.009910394121012e-59
2.8892573790197803e-60
5.13398583598797e-60
8.821865253363555e-58
1.2271431639041908e-62
1.5393363855292867e-63
1.561375148888664e-61
1.2028535134739377e-54
5.550341170071061e-58
9.718503113966848e-60
1.9793628629051618e-54
2.246195491169226e-55
5.70309963407542e-48
3.2286599940040767e-54
5.454395219396299e-54
1.9704313248513315e-55
8.128002306834242e-54
2.3945051990430735e-44
8.348319295498141e-44
1.91399844404022e-19
2.6428989170025404e-40
1.200298483489166e-50
2.478651503610317e-40
4.014989821859165e-44
1.4483266252430362e-48
1.3102311846472748e-25
1.545220222546789e-44
1.5435338257831867e-45
1.9498751997979567e-43
1.3444552826125728e-41
