62768
71234
72408
77667
85641
80922
81829
74785
74894
76282
75508
77623
72696
66191
73976
74133
77032
74593
75397
74870
66006
73629
76807
71073
76333
69114
66090
66267
72025
73056
83791
82816
80018
75518
78565
69113
65091
63448
66440
71492
70543
73935
68701
61384
61635
58933
73284
69371
58218
59015
64041
72442
65550
62511
69480
66713
73099
74364
65759
72216
74114
69231
77321
70936
70815
71919
80587
94426
75685
78031
75962
77634
78363
77880
80452
81385
78202
79298
74080
72302
76197
70704
79964
85512
81191
76460
66552
71547
71541
72134
72143
77156
77500
80249
66734
71183
78962
73002
72975
78895
71794
64134
66028
67892
80019
83433
90472
72791
70642
69259
68212
68733
61163
69034
72455
84345
75571
77151
78831
80183
75712
82428
74218
76359
78219
76699
77672
77361
84045
89824
82623
81379
77987
76551
81087
75818
71704
74782
73621
67204
71031
70909
79569
73887
72011
58005
66348
63670
61268
66092
75373
72500
79609
66377
62066
63137
57492
55276
84223
68045
74440
60733
55981
49086
53776
59609
52037
53055
53995
51956
53224
58138
64786
59009
55831
59178
51288
56023
55139
47779
50250
44415
57864
52259
55077
56197
64744
48312
51507
52524
52506
55290
54124
59122
56824
59813
50635
58819
52943
53804
73587
44241
53584
49377
56184
55567
70953
54456
59493
54520
56640
57087
56072
55119
49126
54632
61593
70766
66284
56858
48574
55407
56956
58677
60798
62609
54651
50949
53903
52006
65507
70295
59380
65500
75579
75005
73150
73961
79174
76437
79158
79181
73643
80253
79252
73552
85451
74930
75464
76646
82282
86619
81519
79156
85615
75356
80789
84634
89789
89132
87629
90883
80173
78381
79675
76112
77485
77009
75470
128131
102472
80275
77632
68119
75340
73897
72893
75058
68839
79196
72312
74904
74675
75783
75775
77549
78281
74079
73583
69657
68840
63754
75126
74924
75636
76232
77570
85923
72249
72711
72358
77107
70508
72888
76339
78487
72511
70467
71626
68806
74552
75654
67325
69046
75379
67415
76297
70045
77462
70575
68233
64962
70534
64944
68120
68643
73371
69009
63118
59946
71902
69062
82246
73782
79585
72696
61593
72049
70560
75704
68662
65878
67992
66390
66741
71672
75042
65945
77959
72938
70022
68819
70159
68215
74856
65330
67703
71871
73602
78126
74938
66924
76200
73193
67450
74898
83683
71366
78998
75012
73072
63945
70912
76242
88316
70987
74653
77178
73407
67867
74243
77924
72667
73474
69010
67146
71053
82415
81277
79234
70960
75335
64626
72179
76847
69873
76716
62505
75408
66967
72053
69779
74237
70811
81728
69225
74225
67876
66250
48419
55677
59025
48154
44033
54308
61747
62913
56018
74704
58628
62460
60481
60135
60570
64468
68931
68346
75297
81710
81920
85810
79798
82707
80990
76859
80942
77386
74459
84673
79307
77810
74472
68122
71348
87012
72945
69498
73715
76166
68460
66882
74852
66961
68720
65115
63492
76057
68218
50699
56828
48895
45705
72479
49726
56204
56882
66753
84327
57953
62522
59861
51666
57090
49930
57885
65210
69271
52978
60299
58424
94905
59767
62068
61600
48460
46823
47627
52746
50653
48721
50152
45821
56372
52251
58211
59998
51216
52629
67646
51953
51608
47809
50729
48240
63809
51312
49863
58153
55571
48959
68439
53408
62019
69209
56283
48115
49156
43487
48160
54563
43030
43852
63688
50959
56516
59496
54592
58224
50469
39184
37718
37086
41888
42940
53059
57076
45840
51253
47069
45758
39038
48101
44551
52645
47482
58370
50931
48811
51340
43335
48665
46911
51022
43136
53891
53131
48959
43738
51468
47968
47174
34976
46564
39715
50455
42984
45068
44958
46257
46472
50039
54371
47155
48314
46364
47084
57263
42313
61446
43884
45854
56149
49790
49123
52825
45804
47404
51498
55278
54374
54793
63901
50857
47383
52286
52824
59364
65218
62748
63271
64499
57169
66969
59829
61756
55999
65126
54253
44824
46579
55149
47923
47263
49609
53780
52538
58617
59407
58497
47295
45154
48143
53526
45542
51458
52925
49905
44615
47912
46319
41791
45792
41915
61779
49990
52393
52126
46538
56378
44321
48135
51632
48468
54675
53327
54371
49464
53342
50873
47504
49553
47353
70318
56701
60315
50613
48117
51854
57379
49192
56035
40517
47484
52489
50437
52728
64760
41532
44416
49520
49596
54418
54014
52162
59576
59281
47208
48657
54082
50260
50762
45707
49177
51310
53512
48417
42826
67484
68753
73711
54876
42990
41504
38291
42194
40305
48332
52391
59191
55079
54987
56330
47611
55042
51963
51399
50259
48591
50427
42245
45417
44986
41331
45250
56895
46671
49013
50942
51028
57428
58280
42941
47522
51550
47458
53892
55437
50715
48683
49845
48771
46372
66416
43633
81494
65608
40772
43898
39453
53170
51035
48959
50210
45937
49033
47501
66635
49658
53721
61518
54704
54751
50754
50293
47861
45472
51913
44967
45329
50966
41090
50817
58688
48201
51597
45451
48410
48933
46654
56716
56766
57665
65228
63831
70719
66709
48520
40826
49450
52305
39785
47638
52970
46715
71665
43019
35941
42681
35406
42778
46424
40236
52644
47074
49514
40190
71017
49276
50709
54238
47135
47513
46398
48185
50264
46452
52812
52556
56414
50041
56924
53156
55819
59456
68731
58082
55876
52845
54920
54778
53003
57779
59328
60110
57186
62946
63589
64009
50306
51379
54291
49368
44161
56699
55532
58829
57584
48181
50290
54234
53251
50260
55977
56005
60882
57079
77234
93249
66182
58339
72979
73946
76383
63609
55965
52676
58900
52009
51989
49093
54253
58728
54293
58839
54876
56646
52561
60088
55744
51232
59581
57378
58832
55558
53569
54447
50115
54484
64574
51874
50510
65746
58105
56653
47274
55777
54826
48819
57680
54738
56794
52121
59147
59043
62677
61300
66125
64250
65368
65226
64975
67201
73195
74526
75169
73953
76643
78925
79448
81239
90953
98875
102565
94788
100535
102344
89328
103540
107663
110204
113189
113785
114953
111550
111389
114377
120573
120053
119279
114792
123022
123259
122549
135231
146529
148212
143481
146681
144857
143624
150414
150583
159370
147599
152010
149987
152548
163199
169991
172499
173319
160466
159469
164742
165623
171092
173111
178947
176662
185057
187489
186160
188556
193221
188569
193160
188093
187519
186036
199531
196060
192615
191748
197175
199934
205414
201905
206234
206168
203790
188171
216006
214335
218159
210603
224319
216203
209141
203651
209270
211880
207182
203938
199390
201788
189259
192886
178069
165636
170579
176625
167529
167048
153859
161855
159619
155969
154794
142838
138813
137188
133236
131555
133134
131241
124700
121869
122884
119845
116685
113375
116371
112703
99588
106076
106807
109629
111025
104289
94890
99529
185256
214669
210510
209651
214672
219288
218125
215135
213590
216944
231633
221225
218262
215755
193729
216855
213206
199983
208546
217540
225693
211440
213063
213692
210037
211392
208452
209247
209448
211680
216822
213072
210931
214892
230542
223402
227912
212321
217533
225176
219698
216771
209028
218779
219067
215296
225068
221341
210071
207821
230510
221403
203578
226909
232026
229416
210539
212955
211966
206844
221909
221798
208269
215962
218230
215037
213182
217096
209579
212024
217914
217951
205317
208160
218116
213953
219538
214737
224607
236526
220291
213029
204414
218137
217225
217586
222748
215119
217359
225142
219785
214621
215657
209875
216696
214196
217089
199686
207592
230268
233070
210972
203913
223753
216416
212442
214172
208450
220195
221646
214835
223472
204832
218983
215895
216726
222942
205968
214742
225118
212286
212053
211392
216250
217680
217085
234519
226075
220983
215061
232761
238064
237994
240732
220595
225830
223933
209556
221782
211362
227022
225726
218401
210476
220592
210737
202381
202045
216679
212076
208674
209376
201523
205252
211209
205924
206066
202858
210810
214231
220738
222645
205589
194672
224811
217336
220725
214487
215393
217190
216017
214302
213007
213609
220961
221004
208577
216758
220154
224243
231653
234699
208192
215254
220171
214630
215840
207270
216574
223633
217155
216238
208377
216351
209785
221062
211586
193522
203028
210156
214562
218634
203015
207208
222751
211399
212904
210850
209471
220085
216336
213363
207967
213711
208833
213609
227204
218632
239885
263112
263896
256491
251562
231883
246651
233170
218599
213074
221344
141026
61566
51167
52905
57483
50966
57575
55526
62047
70965
61548
66964
67354
63982
50472
50713
49158
46730
52769
61819
44482
45899
57693
42454
41350
53083
53552
48117
66882
50829
41810
42488
52960
48729
52106
61472
48786
55946
49691
54550
65631
66532
62433
67327
53707
58687
42418
56539
63755
56790
53718
51792
54271
46070
51324
45245
96929
69917
61654
50380
55866
53194
60039
56227
56399
63133
64841
64525
49538
55920
48863
44992
49541
49381
44640
44051
41296
48191
50162
76170
85217
65357
64741
55981
50687
45427
83707
75370
45678
57751
55172
57043
74666
62697
52839
51847
40547
47916
46822
40372
51605
53676
51701
54785
52936
48375
62424
70765
70219
66023
68630
65664
57380
59278
73541
64163
57124
57929
57835
62102
59150
62569
76644
65191
63290
61512
51747
55385
56042
58730
66981
66986
55023
56462
50943
53086
49529
47294
50302
53828
61844
76534
65899
60664
55245
54964
47838
47037
53778
49048
61332
42343
38864
39076
45251
49377
55835
53161
84699
52126
48929
59199
53993
51429
48900
59619
57466
52897
47122
43888
53251
51307
54402
50081
43124
44491
43518
40238
39601
45251
56922
52497
54577
42578
44430
38488
42783
46202
42357
46448
45854
47582
43948
47627
47527
51041
43161
55918
50624
44267
45532
41000
41344
42920
49353
46189
45248
47431
56030
49708
46215
41858
46873
45975
41824
46661
50678
43479
61321
42681
40915
47900
57031
45992
49792
39481
42555
50100
56856
51805
53378
62945
65671
68894
62057
63470
65899
63356
74164
69595
58099
53202
44245
47756
51688
45509
49284
52434
54986
47260
40154
37039
35726
40109
42756
40265
40849
42034
42171
40473
39660
41821
37406
38636
45364
38115
38248
40344
40561
47058
39918
44645
33227
40292
38824
36549
34398
33892
39007
36122
36147
45455
55481
64146
56270
39597
38966
39580
38723
45669
42129
39498
41614
43863
42484
40413
45344
38007
43939
49191
50557
44981
45554
47952
48751
41422
45513
40354
49751
47780
43889
44642
42120
46575
49748
43237
49522
44341
47522
49252
54944
56513
48420
51138
51010
57209
47866
46960
50492
56506
44381
48087
54779
62734
66216
62113
64806
48601
40896
37784
50712
43985
48055
51831
63799
53625
44465
44365
51678
56324
66530
58915
60383
60191
44846
51525
51051
47980
44865
53634
47771
40906
46724
46778
44492
47208
46162
49165
51363
52130
47048
39203
41540
48043
50203
54411
46668
48174
55924
55576
56002
57741
72334
66119
60724
56528
48682
46335
44781
48099
53883
58213
59099
48029
56739
54314
50957
43798
43836
53821
45354
51714
51116
50052
53761
60242
52288
58453
51952
50320
51447
42084
41262
45681
40382
41713
37927
47366
38154
54012
44048
45380
42783
43925
42406
47793
44018
52811
38999
48135
51599
38576
39185
39896
40261
47655
51100
62619
66628
58518
61191
56026
56647
51563
59921
70138
64920
67608
60437
67697
72226
63572
62130
59075
61565
69651
75653
58455
54488
57413
58141
59849
49059
52444
57024
54180
51826
58200
53461
57104
53852
45407
41740
43743
43246
44549
43478
43840
54523
55905
59261
59664
58096
56777
51821
52111
56387
51940
71932
81669
78299
66479
57181
69459
65163
62357
74586
75550
78646
67371
52694
53971
47645
43347
41911
45035
45022
44156
44720
51508
42879
54011
47859
53836
47136
40696
42647
44983
42492
61446
48447
49573
44786
46475
53059
50454
40778
43393
39222
44615
54675
57614
49013
43307
42644
45846
49644
53684
52305
45461
49383
49235
47267
47051
45942
47489
48729
47263
62264
48842
48507
50869
51111
38697
46411
44540
43527
53038
44524
46356
49728
56881
57300
59178
62102
63662
57724
52644
51796
49575
50367
53533
57175
53386
50066
55418
49914
50677
54237
51590
61035
53881
57383
63437
59069
59472
59288
50545
54762
53030
58130
56996
56030
63064
52908
60512
48113
48142
51114
50829
51974
45152
46426
55116
60159
59987
57137
53987
72965
67730
62390
77125
71959
62539
64083
61179
61686
59802
52101
56166
67484
60385
60442
54670
59806
52990
42924
54389
57297
52368
47917
52388
46440
47407
52506
51596
48064
60123
54170
50135
49538
48700
53479
47047
46177
52931
67692
43308
49938
46166
46916
53616
48785
60922
49292
48351
51789
53987
45270
44589
48969
48205
52320
47315
50124
54494
45603
50180
52629
51789
42565
45887
47907
42973
42810
40164
44476
39319
40887
42676
48439
51073
54666
51155
54181
49945
55319
52865
55700
60509
60452
55402
61305
57631
61628
40419
47004
50543
51168
48541
48788
55311
53019
50517
52198
53635
59778
54850
60969
53492
61679
67564
74734
70139
77281
55999
51851
45824
44751
52850
51612
55597
56235
52343
52775
52812
56146
53757
48399
47968
58765
61609
62148
52796
53737
56947
53335
46657
50576
40238
40629
45182
47525
56842
53587
52009
57284
45480
44355
46598
56324
65410
69325
47373
63843
62676
61617
58281
67357
61487
68037
49708
64046
48031
54295
53634
54602
55571
58902
57873
53078
48478
49355
53677
52362
50554
52358
62026
66773
67148
64948
57297
58719
41059
46806
50772
64077
74324
77133
69251
67439
56421
59090
60629
59820
55889
51305
46230
53397
55066
54283
53313
51623
49689
48714
52855
51574
48544
56906
54492
52010
48710
50824
42963
50013
51740
45224
56336
54286
65027
60114
70732
64995
61071
59977
52712
41855
47591
53746
49260
46368
46099
51177
52848
58848
55345
57649
58598
49974
49100
43504
45279
44511
60750
54098
56136
60820
78626
56372
51954
80568
84066
57124
57617
85885
87089
58441
54838
71717
85444
81462
85982
80715
81227
80083
72628
80017
75347
70555
63530
49889
58666
52126
55644
55917
55586
45549
48172
53052
58526
71869
50222
52921
67974
73441
58792
42316
68890
70668
57159
56481
53934
53595
40844
49877
49727
56997
41643
47876
41963
41046
42207
46749
46274
50605
55498
71270
57285
44725
48082
45009
41883
42609
44157
47019
52339
57258
58554
59907
57779
52223
45800
51147
52646
53358
47632
42269
41786
47813
46500
45952
50721
39574
41951
40706
39085
47494
41734
46516
42070
39687
51477
47875
61007
58504
65728
90091
71058
64199
67690
76745
92194
88837
71241
61915
67212
77489
83967
67512
50577
51811
57924
50955
47822
50149
48982
48235
38578
46990
47933
51771
49566
50596
57802
48090
54568
42386
44399
41513
61930
68915
59867
62196
62015
63585
68272
57613
56932
53211
52842
48678
59299
59370
54596
64999
71035
61847
68202
53800
39377
62047
72981
71342
71022
62954
61523
57178
62705
67203
52094
59611
74790
72939
66670
67074
63887
50097
47690
64234
74362
57659
50593
50119
54634
50392
44383
45848
52002
51820
56841
59522
53613
48287
40127
44106
46975
41971
42608
43799
39043
50383
54554
47175
49122
49831
61355
68948
69539
68262
61021
68251
57645
61695
57707
59946
64906
69372
64673
73244
68549
71370
63771
63202
54142
61960
68032
63757
60387
57685
48958
55202
51420
48958
46155
58210
53137
54147
48216
51304
48941
46944
48652
42607
44389
49214
45994
52207
48490
50958
53286
54971
63135
50447
47760
62911
57615
51775
53445
50416
55750
45248
49122
40907
40105
36501
43018
44502
43418
37247
40170
43849
38111
45961
44303
38293
49602
63758
58452
61395
53486
54767
52632
50373
59364
55961
49380
53537
43764
57403
50191
46990
45005
51473
52760
48910
51196
58816
44580
45057
50508
49838
52464
47405
50167
50669
47091
55520
47290
47847
51178
48262
48626
47521
52435
59645
51980
46772
52730
46764
47670
46278
53089
47284
48130
51554
54781
63332
52231
53264
66306
59777
56302
43326
46166
46287
48617
48710
55487
51474
46499
55428
53562
53441
53614
49969
52399
53703
55047
53907
54505
52265
63534
52749
48524
52258
55722
49897
48145
45605
112095
58098
48799
55084
50075
48635
43366
52764
53948
52503
56413
53447
51716
48730
53685
48057
49571
49254
51810
49689
52505
46493
49495
48558
48467
51088
51992
55216
53850
44884
57699
62602
71789
91867
82617
73588
66948
56760
52205
50691
67363
60081
35565
40101
41540
41543
36816
42503
46661
45803
40365
40921
41673
38302
42183
40100
39771
45412
41339
42282
41493
49817
50336
52973
41165
39381
41288
50091
305205
45519
47867
37832
46078
51565
42043
43634
39463
41518
47583
55117
35791
47537
45871
42809
52382
41055
42831
43927
48028
47676
48947
48804
51071
56249
53750
50630
52547
51338
48324
53476
50381
45780
48267
49218
50113
51100
47692
44588
44157
51431
46801
45733
48475
45217
46628
44503
47418
59672
63231
50022
49274
55440
56283
49031
46581
59470
55404
52812
54430
47849
48118
45721
47562
52967
48567
53281
54752
50377
49739
44874
47409
58388
47434
43603
44310
44293
46334
44358
45180
48768
45902
42096
46495
38890
38895
42049
40427
47206
43795
39105
41302
39485
42789
39096
43514
48827
45374
37472
38735
44939
42483
50541
47264
54939
53325
53251
53908
59621
62431
63795
61095
69360
60563
58915
68373
68382
70304
77733
76191
77712
77739
81079
81224
96309
90540
97252
94550
98779
98454
94706
100237
97957
99535
104433
106346
110277
120892
112187
111503
113275
111269
116318
119793
120580
123114
126367
129556
136804
137328
134423
136167
136863
130356
144018
140616
144772
139980
147896
156595
153982
154165
156777
160110
153168
164389
157281
157771
166298
184625
172904
172635
165423
173458
181368
178362
200242
192722
204526
207417
208857
214949
213252
218026
222927
222492
226026
226395
219510
216895
223042
224389
209027
228949
226016
236546
239569
239183
232032
229558
221572
224534
220244
220184
210334
206299
223275
212539
202575
198657
188335
190035
188877
190519
184471
181925
175016
169910
172191
175196
164402
158260
157722
170581
158998
150610
147590
148617
144271
142437
136570
137782
129751
123102
121657
113840
114131
111273
117619
115467
112889
103348
115601
207204
244247
242272
239555
240045
236734
239977
238904
242688
243029
235437
235344
234552
234116
216028
234576
239477
223504
228660
232689
229421
233123
229248
232613
232520
230045
221411
237221
236368
231920
226646
232037
233105
233406
236464
231243
225962
232620
237673
238220
230605
220951
234450
234546
237211
232040
238211
225598
227475
228977
223003
226456
218252
225671
241781
221909
227405
224959
240167
252240
228701
223162
220870
227289
238408
227214
231900
227010
229660
231458
229640
236507
223931
235256
239514
241682
235785
223607
226908
236794
233090
230328
232658
243809
247280
244681
240182
234917
237555
237489
230669
234719
226438
233325
227753
231140
238456
234945
242720
239742
236832
233555
224744
236383
234357
230301
222111
215318
214173
217544
219440
217548
209742
211157
216130
218052
215134
211018
217357
217914
225303
218313
211272
220126
221297
219622
216548
206071
215718
219175
216762
217737
207242
209983
224426
218623
222825
203215
215905
216689
215227
213666
213125
209273
211692
207582
207197
199925
214256
205220
207788
204480
200354
202246
212010
203145
207590
200614
201779
211444
212796
198897
192346
183004
207695
205908
207424
204904
209840
213245
203578
205933
204229
211550
210857
214974
206464
194694
201764
208075
205470
204780
201056
203833
209525
213272
208094
200003
201647
208547
222443
200833
198865
206065
207026
213374
202802
193715
201887
197555
207272
202797
194576
202964
206692
213461
204146
205638
209157
214352
213853
219636
200706
202750
211913
213722
210649
210755
217516
225411
209707
212114
201541
191338
213087
214509
210097
205288
215232
135954
48232
43985
43278
42179
43601
43869
41765
46768
40616
43288
47200
45087
41905
42731
44636
47050
45554
40959
40483
57889
58559
64687
74192
67084
64812
65433
60374
52280
45791
47327
49085
56311
52428
47255
44026
46185
54376
51561
44529
42939
44212
49520
44099
39356
40722
40770
44506
39897
36862
42753
48195
35822
33257
35420
39815
40915
47364
40565
43561
39392
40705
35231
38049
40531
40844
46362
41848
41502
53880
44639
46724
47490
44566
46330
41475
50280
53148
52283
52475
41287
48817
48751
44181
39309
49794
57899
44564
49475
43311
40833
41367
42329
42384
41243
45059
41736
42602
50208
42557
49742
45834
42960
43556
44919
52153
50146
48979
57602
64260
59986
51294
55632
52828
48245
51239
51728
46336
45194
44339
40086
38687
42498
47802
43003
41242
43820
41698
45387
48003
40477
47012
44332
52422
40992
37243
35459
50892
46128
40651
42449
38012
44340
49872
41656
33230
34425
41334
50464
41268
49318
42067
40788
40026
39165
40895
39156
36513
43572
46021
43099
36966
46866
52546
48981
42285
43351
38209
41395
40194
38754
49147
53362
53246
47997
39041
38839
43416
48093
41794
42802
47656
42891
39793
37560
41020
45737
44605
44590
44043
50876
53554
50946
49012
47112
56803
61931
67946
83338
77746
83125
71131
71592
47787
45273
44697
40334
41296
45975
39655
45292
38368
41481
38354
36863
39937
43978
37869
37582
37299
43371
42408
39586
50539
46936
51351
54485
46197
42242
48034
41092
45603
50106
53438
43578
46029
51276
50752
50511
39320
47698
51154
54812
50509
47872
47801
34720
36621
42966
44980
54697
43462
52277
46746
38972
43691
44043
55055
73156
54067
55112
50897
41772
44201
46375
52690
40258
41004
57143
53842
53015
61143
55711
41768
48128
51140
50242
57201
64175
56526
52901
49436
60676
54799
47758
55708
51320
45296
43385
44715
51335
40532
39225
48817
47990
35099
39854
36545
38873
37387
44478
51034
39037
32819
40257
40245
36659
37837
42319
42239
45947
46688
47488
50287
59264
67678
50625
41461
42576
39521
58068
44909
49095
49333
57577
58319
55217
42872
45714
43741
42517
53902
37501
36370
42572
38686
37876
38513
46976
39259
44354
50945
37243
51813
62230
51834
58141
44812
47065
39564
38398
38840
36379
44999
43452
45458
46552
40252
48561
44875
46054
46444
45361
40830
55271
48271
42501
42104
48580
51350
47599
52108
49161
50709
39128
42985
55414
51151
39760
39383
33441
42719
37492
40247
36809
47581
46712
39509
43435
42156
36589
49689
43875
47705
37329
36590
48956
40841
44463
48370
57533
60111
55091
51468
47024
47916
53945
45824
46168
42812
43595
38329
45112
51003
54206
50982
63445
56950
61408
65022
80155
71931
61941
60603
57877
60134
56212
56854
64903
57890
59136
64272
62134
64946
62406
58411
61983
63210
56941
52836
61344
83567
84392
89406
93739
84947
76528
73624
77730
75437
67839
61553
67846
62596
73463
67902
65502
62237
85406
88537
67640
62241
62436
57110
58024
57824
60185
74370
70712
55682
58029
52893
58112
59675
58329
61461
72703
74651
56089
55716
60892
63482
56979
57006
74376
86694
80186
87181
84112
70979
68324
81225
73632
68647
81187
62730
65857
72047
71099
63346
65419
58539
64726
64998
71681
66074
64724
65083
66318
57929
56479
55164
61389
57886
55061
61005
55271
58260
62759
66741
63350
68784
61668
77520
77124
63036
59228
54882
60395
58797
61013
61011
58261
58366
61993
58495
59028
62102
66245
60713
74108
66912
61826
59887
63192
61063
63084
62974
63364
62507
62903
61325
60943
64684
62327
62564
60959
60399
57374
59093
60863
69604
74065
64143
60707
62797
56466
62533
65078
69156
61621
62714
61760
62897
59702
59342
60565
66728
63001
60577
67423
65011
69493
67717
65582
77925
77932
70516
48691
46845
53504
57891
63601
63296
55484
50688
68212
63555
57029
65183
