49359.11927700515
54037.643325942
59277.18027894627
67835.29264145393
67678.39535051466
64182.06527656794
65513.46073008786
58749.609650925006
60003.83230633424
64014.38979951073
64644.86633900142
41729.71574018212
49382.44064628026
48168.719565710315
54967.419300088186
68613.85327578268
69916.00131216741
59214.98961935042
72016.07596743022
69770.65947045131
57079.835409709645
57315.38265920447
60728.39174563238
57786.73724011779
58545.42906756056
56660.27838704179
55519.50853589818
48710.93605309358
58806.57721271083
57974.343730954635
65093.91970930655
63157.42054611142
59904.36341690071
61890.32085752583
62904.36163095621
56392.92805835297
54513.419541979296
55320.74433935559
56222.43352192342
57897.34359410571
51283.82584981334
49491.74143489858
50132.84280444091
46639.27474315055
46485.83561163223
48759.09451461392
65409.310040779674
48965.854676192896
46468.67177741396
46086.157975337315
47529.009670885265
51595.452239567676
47608.27037037869
45952.28017187684
53574.8762741525
54748.53313685507
58046.129286345385
57933.48182060686
38805.75693016408
55866.89578114669
58906.074246133016
56842.27631981992
59112.686510228596
56797.013101843295
55390.649238163765
60177.160594292436
63942.485458089985
81802.83690512339
56295.14565811476
60267.91952035731
60450.79859952818
56776.71339332462
60523.98078316992
58656.392486871715
59491.68669360532
66037.59815583701
63665.4131343303
50982.56255100524
56981.58976512326
56509.12662484414
55792.791697802684
56998.032469266334
62434.995696412465
69144.68419798621
56456.4029902999
45147.34552182672
48629.7557678791
51508.14549128494
50278.95153605687
51937.67738594812
56700.10942028277
57143.34335434701
60076.747053695275
58493.74872596214
56621.37738051739
57076.532478193076
57053.59417206671
58077.631374909404
53254.70767130167
58974.636958650095
55639.95217328601
44872.2224114147
47722.36441325571
57255.072499627604
60567.040607901654
76318.03407358832
92744.17542571937
57767.75360367903
59631.22306311289
50847.092568283486
53917.600494751016
56055.8429845396
34975.04108285328
46887.46280918626
47842.40350793658
51352.48968217532
49907.03599134585
55690.7706637176
49989.24588961674
48631.626300384836
48986.84648588388
59855.25786027767
47271.34821682964
57989.33868507278
58027.69855392977
40193.698479540006
50695.350761746566
49784.05721175735
53652.29569966698
55341.712087111824
49682.26054526598
58517.09556696108
58176.292196782095
57985.479862578475
48731.95060289901
49113.14299236184
53369.86299123186
53311.77670818898
57023.15940436509
54686.112001153226
51287.37276655496
55177.19842442917
57416.223795003076
49040.2444632314
52275.61577484877
7978.384498634778
7415.841810510151
9974.467820217105
10659.087147251643
11185.95042542435
23755.135646299936
27018.760698367318
28224.29244539938
21543.254431477566
20663.770701225545
9276.006262821014
7749.241626235478
7357.871483446906
59646.59224500331
53482.83261987189
59104.87812128835
23741.981414580983
7012.624500656465
5474.020611032322
6719.4359545731795
7092.334558813682
5449.56420399052
5827.320502749373
5859.2037208686825
6223.446116039436
6738.744080511337
8049.077972484841
12373.554918120426
7189.223489233605
7517.658430656437
9577.65586579048
5230.145356644598
6599.339167957225
7714.02045821277
5348.213096743124
7382.535286175686
4550.860010760672
6796.277686867632
6148.76493211579
8795.99728907218
8647.075576551139
12681.33171539657
4845.54061360341
6329.503567711637
7843.039733855256
6858.129427167044
6917.344572546302
6485.584714121832
7431.923949208979
6592.276151997128
7636.105137519918
5837.319240503031
6793.834923851301
6769.88376026833
6691.580741897781
29717.346243483014
4746.6852118519355
6456.122779932493
5414.614297538568
7434.737815541231
6621.829455476625
13568.132332479103
7452.03556766823
9702.847576811278
6417.52214109699
7014.207268802561
8881.873400214195
6662.458173972556
6821.097438833687
6420.565935332355
7204.518950104334
7464.836977805885
16368.048512895602
15740.460605188417
8712.426885517478
5414.314486981086
7663.380201457754
6995.863629949422
7813.016542565278
8502.737285882722
9090.434093720325
7391.3863785011645
7056.497695720269
7569.594907989165
6196.199813333468
10097.0305750796
17866.121423426033
21930.88837538932
24359.620217553274
26691.402613843795
38312.30192114167
44102.809271668244
43592.68250674232
46124.56039477672
46987.34492055427
48415.762099363776
49316.02408083776
49580.64973976553
53770.84781634526
55390.81427528302
41409.25573254245
55711.45080728229
53726.657923327446
52271.35800176378
55262.11050819297
56173.74578858624
54186.28768924398
54387.17465284268
55542.978895572305
53613.4128533731
61556.48085252708
62945.31331923518
65116.55250989486
70625.7848124198
66311.13657795661
67061.81350492658
67155.30444679095
64022.87328672792
50849.669834532695
63234.13451694745
44898.32586858501
51557.42003763994
53417.360306249124
48243.57026898302
265657.13956199907
123959.42116133172
64137.36797027552
58871.616005758726
49719.418513496945
47595.077028499574
58300.774985679025
56783.318115770104
58188.37046739033
56492.43667623104
58717.27127707216
56324.56808640322
49816.03954269856
54775.04461680829
56173.93876854068
56561.5715052248
57560.61891496263
60197.38302702063
48617.01035710458
49144.303220718306
47717.46935980953
47333.14893000408
47020.44795319355
49722.2256336581
51228.00693379516
56186.59109197432
58291.566001768326
59799.36695830835
61048.62447828525
50667.34629766128
50277.254192613225
53829.80819029394
61032.120422415835
55545.67200690974
44259.073335015324
49673.94373811028
49259.27909959891
56375.62255882852
57988.58867730936
55460.06570204598
55377.386783897484
55140.63668330861
62088.006385257395
38769.096989067744
42958.26456056158
56466.80264781491
50168.164014798815
52154.10398001981
53459.46213059671
59199.25424774925
48763.09466036764
48191.23016648482
45911.99076624982
47694.9769018577
47590.71116860829
38420.631672502284
56457.09418790465
57972.13937053278
57500.613564738145
18244.454027714117
25892.406869216913
48597.88219158712
48227.218018562904
51062.00484972336
49954.27794294895
52429.929552350535
44643.629812427826
57071.49258899794
59693.73925255784
57503.01872412856
61251.62396831054
57181.41584136732
54716.64858143166
57519.94990400929
56272.11276419159
58890.78256391741
59045.53718517306
59695.78039174037
56680.77770571268
57616.832797404786
58254.961356890264
56825.029472019
56806.91906964035
58824.39010527985
56777.881716330754
58990.29053379358
57953.23286395809
55440.355285221536
58544.545900096426
38548.42937649355
48045.44768192541
55172.41292802153
49022.34836684401
63988.57934197733
63538.568404346755
53169.88830078482
58029.78537632441
62555.3344028344
58728.647600204065
59809.08424554463
59815.84337511728
57503.957147789755
54267.217738386236
56241.3763568841
57791.307069744056
60285.83525732053
56647.48212766341
58301.16921434408
57303.49662139455
58010.347354468795
31904.49160026671
52517.8954336106
51177.43157870918
51205.55093011957
48451.58381361589
46172.436148334054
54877.522744827926
57613.09547025647
72486.58281172902
65489.17579254536
55030.69728560815
49702.82168982135
51755.95399487383
45152.9572409914
50688.95292859257
60260.05194701726
56213.29987577494
57357.22575656918
52702.27308387517
56543.79437005639
45593.60167700411
49715.36349549142
35630.363226612935
48951.39398629182
49574.430541061854
47557.41687484393
54624.047623922335
57063.742122826385
54827.71361014872
54509.66009257779
10960.178191489775
6760.924818418652
8922.408640464932
4260.420094133799
4263.366325599675
5964.956456249511
12302.024281053807
25768.770759070198
14602.57849278402
15021.195569147667
15730.900445988935
16252.247963480631
17546.6884057105
14125.440949060961
14996.255753128953
17960.992292030427
30176.196469479877
35852.93549507466
62596.834626040494
63596.29995846559
69014.38066659667
68681.57370169915
58214.178253864695
59657.6821995724
69219.69065678449
56788.75096906359
62659.26150215852
57207.902240138785
55968.34361727378
68755.9932578959
68703.86840801747
65003.67059011615
57785.98364241959
56757.196100773435
57884.28891452487
77034.39251292705
53474.77627401627
48691.261501576446
55213.0670250922
58552.7697028637
51725.678777840265
56393.01257467099
58696.62623600834
55796.26061457703
57782.017631905466
54584.855670410136
38456.13784465205
59889.14536994913
56573.61007418856
5643.328807381566
8640.879766635448
5625.698087799404
5092.779964033182
43146.6581064307
5903.594903552157
9786.632570428232
21608.33654140049
19192.845766104296
67769.43755068764
14122.476021922927
47054.22174953322
18783.238987699628
7348.120555143349
8051.810312571647
8442.993552278967
13046.473274625343
27756.213406993305
41108.11010277427
12188.116278588712
13444.915188060702
13043.03003175215
136951.1786432857
14790.351436703553
13021.855035933979
12311.11033796147
4556.986446928351
4383.170610026971
5138.920799072145
7515.794835141844
5514.574934795198
6581.820939230825
6160.47195037944
5358.670701947473
8878.691205253117
8340.417700849759
8862.77003600743
9692.639482662098
5873.744374737127
8393.67913518339
16847.808541605013
6292.436821038066
7204.144387153622
5044.222136318173
7071.596851189586
5948.102333797773
14851.775539812366
7712.671744835448
6971.851235780535
11221.710120446964
9684.9099559977
8492.846920466991
13638.118743578189
8826.822280864026
11002.689304593188
16484.662639233622
9461.55708309711
7123.802042633391
5644.873375394289
5018.161209446314
5169.663672392785
7086.1672710093435
4103.858368656076
4358.402287601775
9828.86938181044
9025.9417409895
8384.134074474981
24721.6051058263
8235.485237345223
9859.188397714663
8811.675407666866
12322.02018032624
10393.061661332053
11271.155490808747
8785.794234458652
2517.024787977513
4147.111165908465
3335.3589508452274
3659.641452965374
4380.298248593346
4297.343186165547
3963.5790207264877
2855.2208086940063
4983.244793291298
3930.912815401237
5728.932697099718
4597.51381196129
13684.221455437164
9031.238429556188
5938.993674569299
5322.2992327450875
3766.2601901412863
4871.0901141504255
4739.116504302655
6650.860466955771
5529.58633257508
6173.696266935195
9276.339008814759
5258.774230646266
4462.265233843904
5125.725805168006
4618.595391973077
3977.399980046867
2632.9965727773147
4456.688222264193
3166.0144211240404
5601.295657600787
3486.364650805115
4059.3622214360457
4200.036592191843
4244.784078933221
5271.291560370271
4533.484803045678
7474.056411220046
4159.426304417632
4602.258133924224
4406.8983435314185
4730.101146810549
7167.867531308938
4147.09712759817
33090.76874646614
4580.624898284381
5375.745664547871
7667.227127656422
5710.314052215054
5764.062799303552
7338.234335624287
5997.646554545178
5529.443840444314
5806.990001602937
16724.695646949676
9321.6238625628
8828.765163977792
14718.439830674886
11202.401668820305
4732.785683790562
5687.0793089121935
6724.25399166646
11908.62570455747
27154.733153378784
23860.01140560561
15690.662271217281
18730.890465653913
15226.116019396748
23718.16267841026
18550.61703883779
12225.281423486527
9477.199986924064
12370.320282913068
8444.987504019686
5463.972330553438
7401.619942814598
7297.900449897961
5580.9378110976495
5273.19056203253
6664.388805480021
7206.41173516248
6891.745004918913
12636.281959298733
13281.075959427075
16055.780475951453
6385.769928631588
5480.336877972053
5633.459128427966
18063.540354726607
4598.770271385455
9013.36268694337
14967.584217273896
10081.159326102308
3910.566618651662
5407.404024955859
4349.82532021453
3431.581791249537
4775.255541347455
3627.837450829945
18746.250740219948
6467.445568708903
5111.384846213205
10857.387899509762
4562.002503191307
7055.155952347507
4020.634252614355
5612.436375349517
6056.088264753809
4336.471748940934
7355.671394840289
7231.726070366525
6513.860646030023
4595.194364544178
5333.252905914802
4503.899965900419
4404.651321446244
4479.544417241887
6362.2823312872
53609.189496370964
12263.028469122411
9714.755993486902
5951.735797729124
4812.812526649478
5400.475409995171
14705.671578202477
5420.436282774977
6952.356046367298
3210.0481543699752
4441.260936052473
7296.444738757024
4905.762575717458
5509.205377171727
50355.54752796869
3390.95577248046
4296.498661440419
5993.536447563921
5434.255546819642
7422.9252101739685
7742.07454019348
5723.875394954325
12062.149132002332
24012.2178110576
7311.809993555307
7761.467185686735
5958.833189472123
5979.6410367398485
6602.491967046989
5714.49172501888
8567.708680163903
7391.321165515062
10165.60613896299
6468.545505226403
4154.191913836898
37653.35166624815
47460.67237673648
45526.60865970579
19543.112336635273
3787.516660289209
3732.291544794592
2784.733156726069
3981.4997862699756
3379.967062996089
6391.900191523111
12171.828630413602
13548.360640067189
14216.789529747759
10975.816429151797
11794.273071454105
7193.624453074856
10907.631352074479
7910.796972378991
8700.658318847201
9692.237928117656
6134.200820678284
5151.70945940937
3335.84326567512
3645.865933279612
5073.075832776943
3087.5246877987424
3682.581777743989
10564.024329002013
4554.841281404261
4863.066905159124
7503.777635703685
6411.579353168371
9028.921714746743
7723.759759065902
3688.29940823985
4685.982814416249
6504.38179633952
5713.6178065718
9219.951112806293
9917.226872447567
5470.404832143741
6582.771463026328
5264.61958048435
6377.916877398894
4519.489910079987
60656.81992267587
4623.963724981934
71598.92832424716
14395.591327965516
3239.599578152204
3361.6061579928232
2958.0695316680362
5677.041185634223
5002.384584878234
4953.938814791429
4605.225156422888
3997.03570948513
6788.4247491880515
6567.755036666655
28831.982693684597
6493.624915559284
6745.535954750433
9079.766088551587
7836.7906388469055
6911.3242050907
6137.317218508611
6037.579801281682
4854.637719276756
3996.360352764414
5570.1591714300175
4296.87516703483
4112.627730332629
6962.256139473836
3241.5812866859387
8415.874872812763
24126.260229616724
8084.366637492707
6282.424325397522
3806.7567228253442
5112.071683507955
6132.019073980082
5249.6548473500625
6258.432108092675
12470.345280773385
12169.389356608559
29065.506461787227
21593.995839212777
26136.72624672823
20589.476331928658
7650.26863398058
4376.707562924346
6584.303327219137
6522.956095672558
4324.327295727297
6226.106018983234
7649.09835907382
4401.504889393693
60230.33924435556
2842.413581257787
1817.4797050439981
3178.212003326768
1743.793941254017
3722.7236198191335
4644.074190013467
2647.6854957084124
6375.694687295181
6032.683939069436
4065.953530212376
2791.3196709308986
56833.26371423304
8419.690680771615
8274.29080748355
14605.508197878245
7426.2140483223
6224.996263132658
6044.669097697265
10330.734704301647
7678.467232015772
6703.632152292455
13170.158331431216
11734.623218867244
17452.509869403882
8247.119949546559
15444.212938037956
12544.86021623139
8176.41890538413
8444.844924425575
18401.028301081933
14208.72752133872
9982.91722296565
10091.218726343444
12115.706046873316
6247.890999517022
6800.6626671216845
9448.40492865116
8516.911901982789
8532.48428792108
8821.428970294004
13485.772750639058
14841.971733641492
11405.877841127474
6142.258782153969
6604.269438657192
7031.03936419386
5833.815637452298
3857.36738994271
8271.215522631759
12758.726108429308
10915.453277818193
13369.284049472228
6813.435692497864
8874.569408111647
8768.852233459245
6955.307720636593
7207.2432770729965
13375.863611529987
11657.063465928648
13509.889825873552
10300.529227330835
39380.74383551267
187883.94712690447
42906.999279387324
15154.821820906547
31626.848810674495
33478.648000785666
57566.47958623515
12738.754788692351
7749.5416068881495
7661.250211788808
12999.326601687315
8879.523880507237
6220.69911989887
6058.455155509099
7419.164262173967
9430.960710828967
6205.800785279414
12023.064897110904
12183.21424593829
12149.889910108759
7471.413091895147
10919.884559483013
11067.90846319186
7166.506908213756
14490.852111704706
12655.864277711344
15126.94376339486
11953.107331007099
10952.4792633977
6991.807571927246
4646.637688815784
8989.093188638615
9739.016462945325
8077.370879216697
10359.806245774163
11452.36341880272
10660.688397695758
8789.781644278231
6438.9109725155
7421.399649681382
6959.019940968756
7110.705620741442
11910.363986996272
12495.568757927944
6945.348765184521
8048.858638303725
6674.88415377265
10643.799025802222
7369.117858409646
6068.839707307934
6838.2336805440755
6960.915188560044
8612.336888201013
7504.948774534216
8474.304501898014
9245.558417230906
8292.232595812178
10503.433600580564
5118.480986740506
4881.427797783555
4305.168885685243
5643.558900777701
5961.721276491259
6071.865755505569
10651.42485317083
19608.472507187485
13648.465435678294
8878.5333751128
9481.879761917386
6731.884449704629
4329.789135268057
7191.107665527469
12825.775099360699
15904.048694543108
17506.807309281376
10910.701432408405
9214.519679394658
10979.322991196334
6309.5279269048115
7798.6351645992945
13102.068741861647
8482.234701389449
11485.648823271304
7102.93231479773
10811.931201000312
8365.778258426815
8397.672068567483
10362.10708060734
19368.694775758417
12488.002320703139
9650.619393602787
10521.34152655667
6831.531175820608
7171.51659350259
8864.259204833363
8291.536616456267
11173.935071589945
8931.514675166745
6745.053400810751
6176.948988558743
7783.044611735595
10736.160087571863
15939.594945649742
11536.756353844521
11595.320231253052
6364.442652593376
5245.781809407705
7510.509682888339
7368.596050762345
8804.820349657497
8599.125497317766
8652.356537786078
6686.405873826038
12117.808085928415
15586.895964463429
12668.758104612338
12259.15370169958
12908.33936655276
7964.429138729304
7794.629245705135
7453.2266279975565
6863.853494389378
6972.169055916146
10604.677879173787
7995.077332410388
6428.357231166278
5199.214872300624
4674.884078347486
5117.358470776369
4855.963727018078
4387.57653288153
6287.528351514415
11001.714943465784
9196.648484431706
8382.972765924938
9205.73765699727
6732.840504019082
9384.441480249956
4760.234838359212
6348.539583987868
5353.377241015205
4930.158032200698
4537.567590954425
6285.137369868575
11393.415029760887
9228.95630613786
8876.711772526158
7040.955785832367
9611.140292907217
6399.733882913676
6663.818457690369
4120.893751342009
3696.693821627444
5705.5631651318145
6481.365227477696
3551.2160517088932
4211.541138144896
3363.752829771306
5223.208467355776
4888.585610620674
3671.023657475545
3757.4064147547692
3272.916267401597
2922.9511523137644
4291.526206065146
2972.214780898611
3618.527230102935
3800.360853001674
4575.471148110751
3826.5472621381605
3454.7600965449237
3826.4222819574975
5494.372313896902
2933.8093527189176
3105.297555592776
6940.22323424392
5515.939412161148
3078.650224831963
5449.148684677521
10666.299874241684
10668.671327523009
11224.877762599983
11069.89125250687
10251.75132785327
10221.688255846866
3233.404236299193
4066.0095351451437
3139.0653085870076
3040.327763190509
3312.2611336580258
9235.424614405154
7957.041111380668
4447.788718968614
3431.026605052984
3769.9175391168324
16267.186241778516
5434.747132734366
4834.937178198451
3598.980216156467
2759.1630724823735
6170.270970394128
3286.631156264747
2933.7035184222837
2795.8241353794733
3528.8749181251205
9662.568488481777
2779.611132099477
3371.589652063271
3438.405658188714
2975.529123633597
3425.5179282764743
3116.929554484573
3036.2531918037253
2739.3780811846423
3031.1774064453307
3463.488723598758
3411.742608104382
3699.5203154659443
3717.616392831349
7472.78181147991
6736.600778797871
8226.67411672331
6778.159624734758
6569.988989224014
8372.548694859028
6089.396549018094
5569.02829675875
4955.614763338876
9516.801048129986
7880.27519058467
5696.818009134259
8270.696630156339
8229.603640497005
3452.9548559848777
2808.844075425327
10571.08480263417
8148.046526274745
8077.7312467438
8906.24123694499
7689.833198558487
12256.83959909096
3410.2039055832715
4442.209237509951
2968.1223233174364
2185.5420453993847
7912.435102522539
4028.34850605118
3776.7616263726204
3439.2937585884074
4550.901146606134
3502.509657899319
3721.5820267944914
4056.3592465573015
2858.438983244513
3278.6485031392126
3586.902443563566
3487.616916421711
2347.587894143841
2428.694818392516
3248.778370435517
3007.4019080002067
4057.1965448639967
4234.766920736001
10973.843697908776
21353.975333429877
7040.620158804706
3213.7256517718756
2419.6283825561977
7437.169039574161
2809.3899962508417
3196.611982224454
10554.585919360294
3205.4210910033103
3218.2446812262556
13106.990643103733
6223.809845512406
3034.015477969447
3718.797623608904
2580.4225168620005
3089.761022218825
3469.193203918857
4218.790246579606
2149.912707553557
2370.6336620177
12671.763387437593
13180.178590972422
3188.310181392763
2277.056752135879
6087.291531541542
3609.188695289861
2530.901299920306
3051.230493130088
3697.34757506617
4367.153659524741
5105.334236367305
4234.873261461207
5408.563051635826
2561.60501501951
5097.847320764016
4029.7693287281068
4548.755279663036
8609.15280477685
3091.782947383666
5001.650458074025
12885.767464845105
2243.2985724405457
2401.141415231724
3904.2778034052735
6394.919818952381
7220.0965670436435
6797.6598124228085
10019.193310644576
16120.602883316906
8339.936738599656
4635.387521767965
18607.551385828472
45581.925347032084
78537.04676164592
72993.22071590646
7287.960138749486
9002.104476626017
9539.935583636237
7929.502831676837
6444.413716296806
3827.612348354181
14472.534657199873
15657.179749526606
12681.720125506365
6981.550440367302
6606.584117088584
5119.980489370758
1671.8126561890156
1781.0721979644552
3237.4053160879075
2884.0417767135714
2474.1578897223994
3006.770322204143
2487.613619631987
2133.78613170607
2908.257490523553
1743.6744963814465
1587.04837230287
2505.7542508140104
3251.5314436650538
3597.9163077963854
3995.5788412325733
6048.22378608092
2921.750080633983
3381.435454322417
7586.562532524455
3914.663682853503
5406.538963410331
3983.1651524476306
3823.569211198984
4162.42603111442
7430.026071481982
5979.299123970211
6705.157970813544
5836.581868986754
4214.160307711982
4075.3054711708096
2194.7871906468295
8024.875871620312
11330.736062370834
11782.562727328706
13106.490136799403
10021.558214581568
5232.165090196146
6255.100492358791
4526.183977363875
3456.625148193761
3066.7773959511005
3781.8061351548977
4013.074124646053
4149.613240838499
4242.482279819968
4490.419118260818
3498.956408281535
5527.975649413595
3553.299570072958
5579.759222963189
5280.6996765643835
2675.0444987345495
2381.4360520902587
4080.8041660634085
6119.664808222964
8194.294151469448
5657.426372172089
6861.024126343772
9632.165230863915
6754.886231609629
6961.396644742022
7262.334573945333
4230.746838182483
5322.58086630392
5945.239600762688
3316.079244115996
3059.0116071443276
4460.063745351734
2866.361656502944
4055.336411979801
11101.633314351515
9123.937928288158
63335.36833413925
100522.94570636524
116832.63297750476
122431.17276587845
142847.5258377367
134128.88566988215
91292.31119623406
17224.008184094324
8590.645767690206
6866.38130265349
8324.583276538637
4951.751744128119
16889.551973840662
8472.064100314083
9518.98599298977
15321.89798362349
13501.719617075149
12683.515964661
12234.201479467896
18280.329014562532
19863.764753750056
17542.014029219295
17686.834103561345
16476.032923170445
19626.373654621337
9003.4718279222
8341.409682977004
6394.552389347036
6512.910871047858
11523.52809081703
16125.930732727606
5978.521963394358
6837.324887669767
11497.898666505494
5341.964302038142
3412.3160929892806
12664.77219207389
12433.241935105367
9657.530291449895
40580.584366110175
13830.579159347852
4971.555673587391
2955.4501588186145
11439.257704471896
6658.93087978727
7691.418978699243
17663.85412190473
6345.464849092841
11345.05139200644
8168.766915006336
13448.687953088536
26526.77403618294
19735.93664144725
25722.243487912558
27900.98228639458
7872.599126087731
13013.449643065514
4213.361494475039
16826.708099367443
19274.063925566737
14401.68612930058
11182.435804990875
10027.30584052616
12643.89302245669
5868.318513900199
5987.175650782599
5289.17357654336
320065.82336300414
32214.35581526169
11538.512418552677
12939.273210166128
11651.411590015352
10275.191725128858
15843.429180312907
16093.469918756526
16248.363321752317
16626.98113258807
20227.30151523788
24582.29085677794
10658.040149261658
16871.195555047
9340.988135088406
4507.324603137232
7221.843373289724
6571.620748126099
5382.296849083019
4464.026664224831
3408.543973123521
6225.762368180641
7574.369764522344
69326.7310939539
135243.7930222976
29007.339833795748
53959.88080359791
22236.818567094917
6916.426649968927
10020.90677520846
67970.34201505054
42557.14480834771
5682.521683611181
16946.974672739878
13546.16715443259
12089.466944159283
58822.63771269226
23662.023620784526
19455.835417820246
9894.811707212777
5216.4996046887045
6273.503911143726
5771.1703318698055
2823.7427855154347
7616.489766684185
12605.533186983534
11109.687862376803
11864.328438543635
12091.580161450793
9631.981949520396
19505.005864523868
29084.252931127055
28386.627832293874
33994.50860834578
34365.325077241825
22176.311251561827
19731.19789668069
15475.180773781816
45568.203120006474
18064.019491402953
16285.124314791896
17315.097774549202
17119.28575997051
18045.212612227915
17826.687169496483
18434.97636424879
32033.313829170853
23894.49066480662
22439.965231794642
20905.152776101946
13994.329589291166
14196.481180405091
14735.436778128445
21064.062483125366
22136.75131253322
26711.336904930035
20507.597562894553
19002.726182474966
12909.144317584105
13206.95457387855
12238.164825560169
11209.452552537592
11762.518701340141
13343.719015864066
20668.753861720426
30818.715959418918
21362.979850749096
15923.26978946203
12414.528311960774
14663.680446772027
8510.903835097439
9009.69639870203
11212.707030921527
4627.526875810706
31189.15678390243
3038.1775336392166
2427.9038101469896
2518.089627546241
5537.879687740625
15111.717829550476
15756.78553790515
17452.42606342417
138843.6085773731
7498.2276195319155
7625.595262938274
8250.662241242595
13221.353193850176
11665.006500047197
11451.980111703298
17701.297233715828
14095.539087164414
12862.90622953588
13753.974403761682
6490.190579943853
12751.211399295511
13493.71541991852
10673.583173512738
9479.799702958828
6256.218970242511
4717.02258926119
4758.761173195193
4417.817685400424
4345.705630550716
11049.510417847114
12026.496551140413
11588.722538745085
13521.513190894666
6013.228286645046
5150.99957605231
3541.23122188795
2797.7648962306143
5811.753201544343
9501.39585029189
10201.822819898593
6866.6280656485105
8038.004575285233
9788.47294683924
8874.732696849149
5430.750487919933
8603.127195392271
10009.893000445125
9645.269510294587
5865.073003447351
4050.054864252426
4631.077392484671
2790.082156180829
4051.1453742890144
3474.2422357837354
12468.216158251846
6353.328468981913
5910.428025592017
11777.692465009939
12428.215176675654
10867.767079493695
9303.292915888986
4368.620350026711
5336.026099668901
5182.815035813301
5155.624531389751
11840.158093776836
12356.275439505122
9923.664551849286
17121.686474988426
5484.091272599123
4904.192082067587
7405.275460425558
35346.16347817683
5316.640991089521
9926.847802133154
5008.9941937707845
5200.311555582119
8273.696880824025
11289.099592632727
17979.677780245693
15794.354781716393
23012.56919838354
29748.07392311845
29384.799637806773
20804.525211106164
25072.393694317554
26115.777089928655
25974.28905231474
34055.282643522856
26215.50650781988
17298.810058870116
14598.952369392075
4560.175660975116
6419.273747504392
12401.194674974815
7638.754781766184
11484.99576008031
14227.052805058645
10845.498189723308
5709.213177330893
3104.286627874777
2751.9704849304717
2445.164086566285
3299.8600156996854
4098.079366514907
3336.876184562572
3619.274954649274
3215.1522726330095
3298.243489929483
3111.0102810358308
3122.8903638551287
3543.799442202715
2591.754354041873
3206.253757349652
5465.566877295157
2833.4832510645574
2536.3325885083796
2919.506129077868
3062.645420198661
5040.883338035747
2992.837809269335
14292.732491781215
1527.0868737206267
3127.126033251835
2243.4046431725005
2558.366173899291
2095.1131162995666
1544.9615665914173
2540.588515744842
1943.5912466407233
1852.1111262682507
4844.538309479373
25413.849960419815
52146.268694997176
13583.25761674339
3539.2398347449935
3579.741626666557
3787.6922302996254
3803.008098600045
4721.507180272136
3865.807126284266
3592.9401042204804
3925.6375663262293
4167.493821792916
4232.740638357436
3639.4961983831818
4600.315513672932
3408.2100834825515
4355.805670732304
5143.177238783929
5615.40282401868
4690.4878900095855
4861.323401999973
5380.653659297349
8396.471750000064
3991.196617830533
4902.540188512993
3752.1390376419063
5062.904081820479
5374.784195707337
4327.113426258737
4382.563865560592
4074.0640094239675
5733.561286834406
6648.277716635355
5824.334613881167
6157.401922846661
4475.644392272233
5217.2003023904535
5370.663467160404
15184.566158244927
13979.068401110851
12072.26943532152
11585.05856324905
12635.632389091797
12786.141538657223
6513.587724060125
5213.71933703941
6335.614231411055
12458.821004566318
4614.127132693531
5798.039997714591
11552.65271575048
15296.51575287542
21222.745779337758
22488.882621023768
18601.855969467124
5592.169111784668
2923.0234906633123
2577.2293935554703
12863.384509476682
8002.741103613263
10671.679708082724
13769.952235637933
18140.010093528377
11486.885047064798
6060.72372204823
4803.685883065914
8515.924023372532
13170.572138785097
20044.97938401121
17823.661980152738
19610.484346649988
12902.53578108062
4948.25675229366
4651.746745453534
11790.476528040532
10665.002190511763
10126.826616502252
8602.622573578306
6208.454242167564
5333.052457697363
4395.373239088195
5120.178411650711
3602.5626101680473
4046.867604128222
7773.976845084255
12493.622288712557
11192.849143593852
18091.77685671505
9536.90799620235
3729.67039804881
2912.5760693922493
5645.902596718695
11848.071875430467
12987.668318464712
11026.472401603158
10097.07978736421
10549.237325439852
9224.716206094176
14552.845207712402
23989.88944795202
25464.968071970536
19403.520666419645
16228.290119283385
12220.34327225261
9170.271877974697
6751.688364811173
4803.034044284388
7816.073073730999
13997.854666098685
14058.16901408242
13930.039503220401
12315.386815892207
16132.866356081277
8106.491622822372
7311.705711086804
5445.2665230446455
4143.286412862451
14925.218515808268
4473.562860817151
7295.81848977725
7667.071492566246
8034.232948713591
10088.986290809089
14823.875961878644
8911.458879837006
7060.901188499178
5898.506837590116
4622.6618281183455
4997.940642459966
3812.714666777909
3040.8901906820906
4014.948660353754
3294.8216676896295
3244.7647521029894
2878.530031060585
4221.058988340077
2810.977881750548
11756.730169519427
3901.2524914899964
4565.682801800414
3634.8889298819986
4007.622496985811
4040.3910089319706
4080.932214668725
4806.5474579754
6994.00374524076
2640.1369892241037
5806.1639478078105
9388.724501659692
2965.7995960195917
2438.988641492394
3019.9934767904856
3274.8104695169363
4872.609667491638
9930.545223040934
15157.446888475062
18946.436168290627
16092.244772269596
15020.184523274187
10878.322083516685
10673.9780401316
9961.085297057138
16290.749076812739
28839.56811570732
25818.98166139561
23554.953263502164
20433.290499747116
24674.196746880803
21887.45238124199
20038.646838715562
18523.495008438997
17837.184375406334
18789.41417104628
32036.62510112584
33310.19891142895
15927.258810470314
16260.581753748547
14946.865074720528
15375.406216491165
15785.547660520077
13818.500965956233
14530.203753557185
15775.03115003669
14285.037271320936
13894.807471430426
14144.323196111205
14039.462434240675
15674.423283216105
9894.97360894783
4537.7704686352035
5185.597056893788
4650.762245948519
4508.446753948413
5412.724638112785
4841.586392556135
5508.907463570215
6934.887346511713
9369.009198999629
12726.306060684788
15371.541476121296
11897.026428891333
12428.104596449952
11222.70728009213
11321.951387707588
8592.196287391745
13170.838875218982
23490.019611539625
35531.845741592486
33750.15358189725
21021.563241015967
15498.058891437222
20201.85338397699
33570.9400659323
16299.120093780795
51758.38844583335
42877.59433017593
57698.094090992956
25481.879801009985
13706.27679848073
11834.308950684186
5684.302438083843
4495.919384236345
4155.814114986273
4405.989738321051
4727.867396073181
4118.608708248221
4659.114235885128
13273.52172669071
4013.586951004285
11104.28551934983
7004.425567744791
12473.182029871306
4852.46301774542
3948.468829974317
4306.051632312577
5017.934644962288
4289.774646762095
15909.363577011412
5133.985958904809
5557.379816205241
4323.397214304625
4612.337421944374
6550.840562489635
5737.909253150678
4479.664450466645
3889.7011568438534
3675.041111594408
4660.788321524515
11198.60650051755
34886.79050682295
5318.286741517984
4812.445995416663
3814.727503243635
5929.669790855721
5595.991792317881
8037.209887148002
7543.263687672885
4321.563703079198
6360.34216952262
6524.128572042998
6175.531671194343
6641.493245535041
6408.312621585497
5617.544392653752
5889.063537792938
7520.28315492305
15544.31075067838
12410.524172761765
11380.314309695175
10417.981119373664
8404.869977378947
4693.395238875903
5636.6431723816295
6424.931598648989
5963.948912669536
13750.107879373483
8211.308035420956
10738.226482215818
6153.112903996745
10146.012986011801
15434.435754843906
20500.06801516287
11979.546618003786
12698.16256480958
11615.234563880893
16289.60347561381
13608.592501427618
11549.83907824921
12374.796766386951
12957.798683990106
14037.974583145387
12957.078721177626
11682.45927223781
14470.277043608243
13656.01128211129
13500.956712223058
12663.843789847113
7590.687348340654
11004.759093332037
7586.746498523406
14813.909758662525
21325.78148453027
13522.169173021557
13281.269618531502
10683.562460498308
9238.052317600905
9244.967110393532
9426.252251670348
15463.831965589598
16103.976245359352
14945.412583517156
15760.917430872769
9959.622766358423
15392.193118248848
7019.108537463044
8112.287484130732
9134.980566483764
7911.519605448831
7443.032884827118
5665.334396827739
5942.987672536361
14562.630855015446
13141.111298091706
13761.35317659758
13413.148474813584
10411.826044934627
42443.879010720826
53398.801764879914
38022.161514067
66514.40742185882
46791.603658167696
23823.330002940645
15743.043650623402
16530.125878418898
14513.946461745958
14662.367286403674
10120.678260009016
10492.748416722283
16778.734055184093
14567.72656606348
14374.505956627874
13872.553359635476
12124.335660434183
5817.340284894137
3120.0847153154436
6830.045161285991
13247.079522375909
13089.89465731112
7751.679380946814
12015.066107351502
7362.9912130796165
9312.783325450382
8454.50860200852
8319.033167436088
7150.282234458767
15125.50874820258
14530.33144499425
8193.83540864997
11629.34243951659
8479.491444172938
6322.436328233272
6541.410661156466
4692.34265011201
11178.265344840423
56669.08157179794
5680.21964172109
9026.876808393607
10982.87960771201
6376.17095474314
6627.282639992095
6678.112399630365
14764.463671458398
8789.502799780077
5722.682992922285
9295.118810984435
10125.207371221933
4052.1511237170785
2810.3196251274826
3912.3830112743376
4565.234433836611
5492.01658897664
3768.4651738550297
5889.847529987296
10859.712472954248
5550.0528140193155
6092.488841408056
7591.475207951177
6145.211596628771
4451.299357636812
4519.191793628044
5318.04369846645
3853.996650092213
3618.9824922928988
3092.622630358557
4956.340147316542
3099.8002863297143
3751.4032667703664
5299.981220359984
6231.875212891808
12601.103606664767
12543.363746011666
11427.919260582907
12046.450436559238
10455.586774154406
10336.662795626631
11873.90852648199
11233.693611660008
21201.645955862594
19940.08087188076
11980.631941469363
15146.031703514154
17795.220451986894
15421.484179879502
4189.6621199129995
6597.784902752744
6144.1709408624
9718.329518261702
10519.203562970817
9795.402231046963
9380.694908577323
13232.422288081112
10297.108455402742
6617.644084552597
7921.782374047507
16252.969128548577
17106.293061132226
18310.631530012528
12216.09876898453
20528.448838071738
30123.88560267192
30631.926275615133
31210.04281945193
38442.41331991035
9383.099432710005
5247.746041798131
6021.747908116791
6908.597128435224
13201.758865516475
9105.69360833908
12479.036650207137
12920.094512718026
11214.314320615937
7147.945327331507
8428.405412199507
8243.74402101304
13774.04537590512
8881.139721158735
10427.03269786433
12474.205614029463
10320.712461573581
10962.937905745894
7919.133286822349
10760.495001127563
11085.230531812082
10293.782374173032
10618.072905148456
9444.417869922114
3208.6857012899854
3040.681597332211
4178.994570541553
6889.263477489041
15315.343961351218
8234.696395036206
6006.94849925334
9675.222059453048
3962.2102261538284
6425.777143777589
5452.947996360157
9679.962118162737
22900.55439368928
40822.96545489949
7101.88445568965
27166.660340224782
47436.178925659355
13452.263515262368
33632.46361468652
48517.81746182197
49267.78154254611
50912.632697101995
6757.6198472062015
41933.127116142314
16649.094689272446
24423.953405979853
21326.07768292754
21739.98136999726
12544.214252747215
16433.86201071077
18733.245629857975
12669.688917368492
8065.4705413432675
8298.496966109144
10288.128548758152
12484.020549088546
10743.490125611546
6579.268275835148
22097.310977699282
43068.22415451857
35124.57130727249
36940.85417974585
32207.043269829937
9465.476673405772
2891.6797835778148
4255.015234193936
6303.40363388618
37680.41200995081
44830.82557215849
49503.46322313564
42704.558254836666
40022.64082171007
35570.279944771944
16657.761303276216
15893.260131683108
9998.447734253743
9154.214863241152
8424.833643484
7828.490422801772
8877.89967079878
8816.875596176633
9537.237152621063
9554.069473899146
5919.138882248464
5094.338207867821
4819.050562262684
6266.692774001844
5276.170271474112
5597.883002951994
10411.773063607028
9539.35430191011
8797.323569693352
6220.985692459548
9507.303900194378
5332.071130790277
5599.176249133268
8775.142586182645
6389.947329167037
15675.032164025668
9806.105904453969
15018.326599753782
23626.67829691316
56665.86241996531
41369.876722240566
32818.75356516016
9239.797302626945
10055.823264149542
5021.317418337224
6382.743232211772
9005.157660439927
6636.587938680757
4464.588861248584
5494.28935697648
6232.49168304542
6753.421818953321
8460.039719631535
8414.678080377484
9119.129608285528
6501.988789638247
5067.885741699585
4981.919445952899
3805.804601475792
4074.8469587236714
4073.828993037706
16595.984161391214
10380.244664818329
10780.86947271867
12026.129318656636
46045.30144452004
7440.523954474936
6697.5128517198555
54967.24093486184
44274.90719652079
13732.577683740245
14106.228754581507
69662.93425074324
48774.88636740191
11067.75265673489
10163.004858812254
28032.64081573111
79166.89631110599
82723.54380858503
82704.49327972878
84405.59560119902
76004.74364016985
76181.1875568824
51928.78140730441
52574.59155662276
63262.063357181156
56956.38180333273
19853.282244309732
8613.146609112067
11308.564153965892
11577.697133894273
8222.419693620584
13889.667015767724
12842.860727776673
6416.872889878349
5717.38011718041
7751.950732258524
14952.781225392533
48182.14241151586
10137.362294445069
16843.21893829066
26699.747415270358
58209.409160737036
10830.94422061031
5656.310067994089
39487.680705999206
41191.80659872433
14772.043162780266
14921.490196335944
12308.47052184814
12857.192362876296
4680.04299077775
5930.995301044279
11423.819588830944
13114.84447684835
6220.575929140078
4811.9179603128105
3436.6273662631943
2937.7981382492367
4312.248433728996
4578.9605023957465
5215.3677129419775
7085.781735979314
12736.685966070518
83831.48065133924
33176.0778279288
4136.740346309064
9697.601638119515
5441.322693716769
3556.774931178009
3877.989404053096
4102.617242715019
4692.773505242739
9006.732106096255
12909.742980166358
14314.777827055246
12620.024730216232
11514.103556040645
6345.543792450048
7120.6290329371195
7784.703690776991
7366.139268749155
6054.832166519868
6481.343309458965
5584.8806298668405
5713.404560598487
10349.601785805406
5650.085663625928
6001.324055573948
6923.787055309498
3491.052070074335
3807.2150668182294
3523.7588577867946
3801.62242684289
6925.746370763755
4398.183345762315
4172.553468568774
4308.772224662718
3543.0809899327783
11429.169226067937
6751.919979877181
21562.591201014624
21244.57721830367
24126.567024956894
119551.91886802606
37433.85506118564
21148.162336207617
28294.862094246717
22008.182963842515
128035.05584114113
101612.14949709697
28440.776810987252
11955.269949358833
12909.561218414046
72214.41422780493
109244.64530189631
28553.69649341352
5995.245430521486
9591.832162069431
9058.348719962778
6283.272127929484
4802.815753169651
8007.123573684575
8100.101487955475
6942.0266823017855
2662.5980248751584
3507.198482074568
3216.880189071188
5539.727947174309
6312.955242799641
7378.9623479265065
8590.467658337771
6710.970388004069
7397.765505837048
3096.573157630691
4209.539998399339
3232.8378299307233
21369.939658866642
35189.34768438353
16962.137239285632
22486.23613291605
16667.557127557335
26634.86102078504
19270.458088709132
11244.490095762807
14886.778966220041
11017.584841801565
6217.140789451738
4129.595779720048
15836.339837736374
35635.969920691445
8316.113864613686
45990.90850925779
60425.920102975404
18972.973854651565
25841.948114262254
9231.611683738247
3885.195965110809
16904.794257544734
28941.2717464846
64726.769541307964
53709.481313409684
37547.032456002846
33589.92563110538
17254.022028166666
29961.238681097548
52232.3899302838
12348.895688728835
17144.834881277617
76311.41722515573
28802.535529485092
17246.066335723066
25564.83627232108
17289.474244795652
8749.642253778557
6773.847405210814
18847.23741631313
65782.21763679945
15512.339536029875
11719.083878142053
11721.17003905835
10359.395180049747
5432.208015271117
3841.31372509564
3749.346145388704
11478.898113057943
12820.374119036254
15545.714680070707
15211.640907383013
13947.263711037873
6988.169308097349
2861.6778191626327
4323.781416452581
4355.384968795991
3429.738406402878
3438.6218737470813
3431.0962721302744
3222.4578717701993
5552.675006475968
7118.6145621930755
6081.690953796308
6284.253961497736
5322.948141156119
8206.900855834978
17034.04171216338
27473.595377618905
16037.544588154478
15612.615131109264
18707.423153781157
7751.130116381522
15565.925195926106
15432.330899134644
15071.158679534497
19593.134302370974
18532.987365952486
25344.836339502413
31264.96589830909
27040.009717075714
26868.490972465883
14881.411646572571
20491.8453463324
17821.668941817614
18777.424984718684
18803.025260156493
22640.194429402098
15176.817717588587
11848.831304214797
4576.159145646643
5070.335584053395
5354.628611832528
4521.541275599295
4985.963484191687
7394.63011644948
5456.942899211838
5812.143386142031
4736.848800453581
4942.618242436155
4449.495598239108
5166.455848530083
6039.598817713332
4553.809313345433
4911.807747950282
5590.8022633028495
5426.963050698473
5364.7833359235965
5196.229347574786
5968.319410260361
9883.2459607209
12037.73941704207
23649.24125951163
14667.205508508177
5090.2987884884615
16429.262187211047
14786.240085173671
8014.37581528997
14965.303755693383
7222.641376474137
12331.898269022879
5791.564668542327
7165.16676714645
4837.348186190335
3441.476593516695
2868.9055551679685
4103.704120863401
4696.663685362981
3890.333917785725
2837.5024834126243
3369.7836472813183
4057.205172401326
2972.6956512455004
5788.681444622386
4515.8802187901665
3050.113203638567
9034.480787419265
27849.092013070305
27894.160290587326
27836.09658871709
10302.588706232467
10893.908540254308
10587.079354307294
11666.404806465272
16072.62369716061
10795.374054399806
10112.10858158571
11341.231330972147
10047.473564050017
12837.560501328822
10310.108595492671
9238.63742453328
10075.602905587375
12307.264703505181
10585.200217287986
12269.829996885504
13630.519622523509
17577.13195258166
9702.389556702194
9658.335534793012
10399.047761368964
9807.724382723252
10521.499334536575
8601.087732678143
11307.058957246298
12052.206669894465
9836.061737076687
11471.549951966763
10420.480166227082
10284.430465916852
10139.264660050441
10136.389684603193
9458.178342788304
9525.218343830873
10127.78100115062
10466.339684879014
9471.785587752265
8593.826500680823
19850.16113447484
9499.032493648434
9562.884669100287
9568.6506273627
10189.444906812405
11360.34972414137
9767.444665314557
10042.87195777431
15950.268598749213
21203.663886953345
16157.96194528954
12266.44689247139
28268.054361559833
27779.78750873385
10624.976649417838
8655.3210117718
8201.51798823257
9518.353605847355
9608.736352082213
9124.922511017132
14240.056718905897
11089.578145710622
8858.851397568968
9843.964423483778
10736.514207557759
10590.977046356367
10655.476613132703
9411.138794966908
10546.238130740585
11658.21820845869
11052.573509726437
9971.996927556323
11881.233720615191
9460.823578304266
22614.478597699257
9334.216988991782
9073.291605556275
9924.732112928854
10272.206480019791
9437.160417028168
9084.63216679676
9082.595988809566
499828.02216784615
14968.666371489133
9114.315381726778
11112.13735738066
10596.69218041161
10533.209764194078
8871.738067168244
11520.96130065302
10873.094656276666
9972.914537373266
11205.029031606466
10234.99541811293
10024.818189082
10280.840834490602
11436.707001688397
9791.987701207861
10706.714544766624
10358.364121610664
10148.997009555735
9635.696510206402
10125.180685863674
10128.14497920859
9939.326330361859
10821.773015585131
11019.69623760474
11425.680582804987
13577.57950210033
12140.894151098926
13205.184728281338
8764.934145308958
15789.656928815932
20921.96970812074
36882.75343783999
95140.66100745839
77714.96379653015
55940.39688088709
50179.50051008896
10054.963972192676
9594.657223690112
11277.81228628237
40752.80885360115
21827.018721016513
2538.082060707002
3333.598215691669
3330.253296250794
3520.298881697859
2713.6932972073646
4416.437706680464
7815.931841529765
6661.179372141125
3316.701150874
2266.976603810087
4720.384888979796
2282.6401062396494
3024.91737968959
2557.8136217258316
2935.2249394743376
4223.179067882765
4145.687723907449
3417.671076990705
3163.313173080317
6646.0728262162365
7292.706818524838
13860.676030437444
5306.402885458431
3360.4390260867963
3349.5093743437437
5721.931373941694
8230813.176694443
3845.2883346575386
7065.861278701605
2967.643307629175
5798.996418608496
5427.17709556614
3238.5059378104693
2940.490451493365
3401.4826546516233
3733.5506887845195
8880.336463909987
6512.1661921239365
2315.938639757906
5950.574998994402
4741.7191493415385
3899.583443586619
8414.959048194602
4095.8711275534656
3566.365347206568
3147.325268993158
4887.483991543334
4008.019247754717
8163.737732083466
7403.453139450422
8393.280590554317
9163.758467927457
8884.64082558587
8493.12782049888
7880.783748722136
7146.9641195937065
8046.231138345674
10461.947157667426
7667.326850674866
6223.324065400647
7329.6213644830395
8181.160186849317
7873.7069351398995
8438.796563243564
6247.031143342724
6863.828968109307
5966.060037491457
7509.958387757415
5815.8285788203475
5463.172156565965
5249.9290197689315
5473.199777294455
4617.016010067171
3875.0999554107952
4627.735985578759
16195.314347544758
19143.365986300392
6437.556491696709
6138.760001899055
7601.874148904239
8189.326824420195
6955.999602808616
6383.828139524501
8833.289008096855
7739.958450531202
7181.2856318940185
7993.624724544431
5815.209582253705
6262.690500111968
5796.707812719989
5321.875852395853
7424.353011121999
5310.847532040834
7361.106641375767
6900.403918515185
6416.5780226787265
4812.002947713821
4506.846214355767
4838.58413102913
8207.596478321946
5120.223552480205
3440.81662681298
3500.1516599540387
3344.498154139038
4609.367803946403
3919.947386496102
3821.8353031827933
5425.435925093956
4354.873343751928
3772.433099207197
13349.802874595955
2991.4519262913223
2594.5178195490535
3220.633986182427
3026.0523986235758
5453.009312747939
4879.20398279632
3151.4211928304157
3298.353144987257
3091.9070780910665
3751.274973497051
3324.2508780654416
4441.287654214668
7225.335005608261
3800.9466169619986
2855.5742280809504
2649.107279265397
4150.033188368059
3072.0775365140103
4737.387943179411
3703.5038846604048
5312.853256046497
4234.880498619933
3264.0320197533424
3422.099023466688
8612.40985409821
4637.003656281411
4681.5813509718755
3947.26106195483
6608.227758871801
3275.136949903764
2065.566952771322
3516.0993147685704
3483.6937467870766
4072.0089829093868
6880.108652843548
4052.3731248327335
8140.272028906145
3196.155687375607
3710.6957907933756
3947.2266245664705
9001.76405470391
7874.506135924026
8152.99990801525
7316.765444290083
7950.022248025287
5524.586613518707
4770.657391505515
5591.002033374108
5298.085819165749
4691.749327902561
6070.9299813222
5561.672046944453
5428.320676373979
9475.632143811896
5282.654664458735
5561.281986316553
6020.754322671242
5727.20622312512
5823.686579010749
6076.248613311426
5444.943194941938
5701.798018952611
5479.828447719896
5493.525122512537
6124.947620064551
6547.958306251209
5558.609404925963
5620.963794266154
6130.00138463256
4659.685213149296
5738.632046654502
10042.269200016
5383.634162795699
4762.509436679986
5091.28642577993
7223.095384474643
6953.394734250071
6013.614377799003
8317.372322683883
6881.834911087953
4956.316611033555
5903.740535780857
5097.050656279792
4890.355839088072
6220.881340358385
57375.394548569115
11025.989574614885
5711.835561761989
5323.504279483134
6005.703729670252
7597.491956647161
8509.027497006902
15386.501514076897
23429.34448286381
40707.52813657463
49803.400904775786
47126.532532399055
46511.209612093204
49202.982305243044
48158.4977981467
48103.226001048424
49031.461902971234
44883.04620633529
45120.48611239166
43506.124989665055
37346.615134195265
37144.87538280944
42007.12620504397
43783.42793030852
44514.798623535215
43858.04636734308
44197.10578205129
37880.821410185075
44661.3444834545
43459.2098225804
40987.99425461246
38500.80392616737
43023.695064557636
42607.595931836695
36723.64142996046
28434.481567215662
34843.644017888364
53736.224574079926
52370.44287660451
37850.62952757208
41219.553423113575
41699.481426966595
36390.10139213087
41100.358569955315
41643.41609840124
40624.17874980178
40667.0163505376
37543.06159393675
25181.345963062748
40791.93964985649
36952.86081816033
35194.31962076184
36857.66137651504
36848.05329505792
46530.20228920412
41030.42879731254
43394.198975681276
42524.018923680516
42142.195534256374
38597.17642333142
36795.0296463199
42841.41602666502
38629.6826926409
38458.26530716096
37086.670204890885
39522.5167588887
30296.961672164052
32423.2128973828
31994.364097086862
34118.14932707627
32122.93440865103
32903.663458376635
25873.09649240963
32705.541455749782
36714.58591271173
42890.7943159692
36298.59832161829
33023.75365019961
32250.4738923301
35104.888401192715
39659.001595015325
38949.691286636655
38580.400701056344
38495.142239830166
36063.99337000195
37196.51647738675
36481.20495028252
37156.670199313165
36563.7179685494
36994.39431914082
46413.42536355425
39156.77450621968
35514.04639957614
36424.98184537308
36687.088823994935
36959.73831229836
36280.75319593173
23993.294402490326
28218.638791303623
31164.272841049064
30756.325446750714
37071.47574522899
36755.938947264935
36517.275250160434
34491.224721145656
36600.142501444985
35438.09762082235
36853.89497641703
36553.66415928587
36074.27326944775
21084.747146978458
36747.41611827579
36832.7809945654
36131.37678360777
33680.08656681463
33539.32180907401
38329.84323598281
36102.68287027975
37197.41020882181
33674.84120567265
32601.065086019215
32894.476318236295
28258.89554977709
28380.013929488443
29715.488120317623
33259.27614281285
35343.05979783773
28139.442302757616
32708.888718190956
32907.72862088118
33384.21934782869
33181.07801469845
35276.312050412096
66714.77537650814
28798.16066914078
21960.212839790413
28362.634166567765
27319.46109735571
31345.558510538365
33504.4959242443
31089.359793568517
28324.8866452785
31967.09528909789
32186.399984520183
33206.55008279763
33474.72265510294
31188.595750586348
37591.68909663903
36732.524530293376
39298.53342725522
36566.97222621254
35197.49615229112
35512.84876484436
35821.112611926146
35564.896317729224
24032.94059321744
37336.4092551127
38418.200456906554
38034.697558439075
37733.369790545126
37646.26138235552
35507.90366910185
34981.270139532106
35341.30801542634
31589.843265087427
35583.48524355762
33143.39664674732
35373.74347986065
33939.827931916625
34649.17099142611
35047.9559326957
39869.882084813784
36664.31345728009
35497.74291769691
35314.56965270131
34010.802765984685
34386.63815970978
26062.88619069357
15760.81150312534
9181.045245866202
8142.721836384478
8330.219144938865
6964.249712276768
7193.087202260636
7623.99825199058
6934.110766651445
6983.923420909568
6172.007510446344
6162.989422093055
6701.133716994711
6372.140885181248
6737.398890820126
7676.238434941498
6334.725300461727
8967.597016944292
6562.847464218418
6734.036838292192
7294.923132097641
6752.633679898984
7477.906272134188
7574.688724963232
5362.729623591492
6062.20723173985
6289.530930012944
6069.8668914172695
6320.488103346087
5566.8726312097115
5538.175002943462
7286.616155837898
7649.159690892597
7671.256166205905
6035.875050205534
7108.3441296529045
6468.340124767588
6227.894348174598
6114.274859011623
8854.04864353444
2892.727019454493
2641.3294738575073
3157.341496176351
2376.400244591649
1798.6259037070329
3043.9391188653294
1997.5065767102117
2234.0638269386427
1747.9784447580857
2286.1578401763027
1683.0901320737166
2475.769940839345
1743.5303865203136
2203.880676276595
2033.299845981656
1847.8629426966002
2155.8252128292092
2925.6390711263393
1173.3561358547781
1260.2219160985037
1627.6949389391477
2099.0081985380193
1994.9528316836502
1881.7389024633753
2159.976944022315
2969.7037731635587
2684.316439542922
1495.4129693470275
1807.9906553850426
2086.5647407289266
3534.5206642769226
2884.701844298635
3408.4773577655906
1943.8037825885208
1565.8016981468948
2129.620370887393
2399.274084444732
2045.7778296020047
1960.4002954284263
2449.14571446678
2055.084567349962
2807.398299283733
4540.0812873170225
2218.3578343325153
1921.152134182953
1995.576441685499
1789.2645412546078
4369.564641285454
1585.5869475661116
1661.35538072616
1880.3339121782803
2887.53650167433
5313.428725116209
1742.894462028984
2624.2036858541956
1919.455129914968
1217.4390976405455
2081.6259225504105
1757.353325751862
1336.185762210052
1974.3315877507457
1765.8462619151264
2490.8024958657056
2153.749532022447
2414.526254409054
2355.370141845433
3484.064507867103
6095.560221140398
5636.426690506722
1990.1447031793102
2044.4887583574505
2845.6177772703377
3042.33934745065
3492.502847700736
5614.071086457499
9218.524994167547
15271.258340576696
2491.4926085756174
2906.3017401473016
2309.712400940921
2867.3585699615896
3060.073487768401
3154.4513131592885
2724.415335667848
3298.4426766164797
3852.475005959164
2455.073123429082
5855.714588758417
3356.8281595761655
3757.798272674574
3343.340894782788
4097.5844134420095
4095.10922109756
4314.591087408162
4427.697353885909
3260.8369710370885
3606.3691299080147
5245.38695925691
4026.7498791638036
3162.028735969478
2905.7814859560367
4001.9156533118125
5482.486328094242
4076.788030324796
2954.8161360169993
3211.1253819844706
10231.095353042323
16830.492180907026
19114.481298790517
29850.587225783314
29350.944597777994
26672.471677060683
24063.67167934
19076.172759625704
8952.75179082756
5972.215444581155
5778.906612117277
7450.010615169701
13159.578977001289
13483.617571443145
10909.802272058863
10693.13064783931
5629.884464936857
7688.608518279128
11627.509141200506
6738.403834920386
7486.912225027422
7493.42277795856
11225.485696788095
5164.269493933472
2842.955276940597
3261.7861993249767
4307.327918188052
5290.989149001655
3238.662784362124
2263.692666938606
3342.1349953813565
4257.929406923122
2024.2688460683737
1685.9821425365462
1946.096842381428
2924.9305721997557
6870.02973135245
11708.177548153722
3357.4899295300884
3526.6080799335355
2317.4450967405046
3762.7008929864746
1929.3739633459838
2694.4453396767126
3616.680895003806
6032.790519818373
21214.472639864205
5162.700721574155
5254.303541997489
12675.304791116665
11044.50463263199
12283.65719492617
10797.699340135312
5782.44276369759
11904.930932329875
4857.153346205542
6257.480942922852
15931.114144873562
12310.935668909788
10262.636206324896
5221.125394534654
11617.407801580048
11126.013487224474
5722.3812914514165
4896.011984805301
12489.250567208706
17371.437431894716
5410.513660713438
7371.324190741157
6820.283368102898
5211.21351546286
3764.9397008090077
3879.643074976036
4133.390414492999
3273.8758232297673
3910.4117309747535
4225.393582630234
5382.642308784785
6256.911612877609
4941.144503080229
8920.795195776285
5948.509378966603
5013.045194430986
4472.831786344204
8811.680228420946
9558.290486377506
7916.11827002485
7325.152706727279
12767.392113456384
17582.840748698643
16709.028943824538
10616.491086651
16124.555569508053
15444.18627808199
12090.966608864712
10198.14625681675
8778.620291134745
5213.102429040893
4320.289738898042
4860.51986555354
3324.925840165414
2957.3725629678925
3387.9319851540813
4881.054936754655
3798.620638116825
3366.5439871969015
4633.455334602702
4010.9018385353556
4042.250747040512
4540.038601817994
3000.4918358344626
4548.1678112036225
4483.717011522008
6705.206227364357
3702.9403163090624
2538.0706611823716
2367.2733617879826
5182.430792397197
4038.923905694144
3320.1795914593
3870.1321501177554
3683.299629414375
3375.53701561145
10269.911536562266
3408.6920546677793
2037.3797331641824
2230.550871672226
3821.6812808384925
8374.172173217557
4290.696893868131
10178.867335141738
3561.440309447034
3443.237745989869
3165.058121375159
3080.515847114581
3310.085275814341
2857.9109714913666
2677.238692047387
4435.730417722725
4322.21305137679
3612.4952690865052
2541.5383663412813
4225.708478409016
6187.164524598987
6310.543757178469
4732.303178070651
4695.776062067307
3215.085715102414
3793.5197450699056
4003.7131388559287
3501.2115652904854
7969.125959431074
13431.768130956641
14419.985406737804
5880.887322625917
3802.446526707913
2911.834520908721
7927.807408841267
5016.455483438447
3509.9149510003845
4518.713064414902
4411.1256251427585
3759.536052781853
3655.184386429308
2394.624821399855
2737.4602223828774
4474.030910856595
4729.845612112962
3736.636548140979
4467.194067918721
6720.635554921543
12088.97137618835
11381.507990066586
8734.838825992549
10542.69610259668
10720.569782943066
23170.385658725987
52122.5789751987
112417.38690298036
124744.34368891119
117502.81631134519
74405.92313432774
61782.13353682999
5815.141564482728
4479.726471955048
4571.56290491054
3529.890577249303
4611.115471673073
4696.275496343191
2865.907765785011
6063.938263927965
2649.69934423032
2964.4407324878002
2647.087985831526
2652.0341152543197
2476.447837653865
3328.9760954270955
2485.6965157195195
2501.7215960253297
2670.287825339111
5198.907333119606
5354.428107599745
3356.283284514386
5610.339964719329
10715.474891318141
10608.665038143577
10705.074420999556
9442.453911405582
3863.7674800949108
4956.032076065349
2922.560822888199
5922.975527909483
9212.838128307643
13040.924770395863
9657.461587853213
9858.284479952865
11690.848216783987
6398.989653356654
5150.768012834876
2807.6882909695937
6305.171490416889
13183.625000181206
10245.164492671462
12411.799752360477
11864.78366220586
7340.999384309291
2432.279734251052
3140.1313178538235
3720.4050234853016
5434.628573197334
7100.766377738186
4832.888993604245
15985.534795011985
4519.963869431235
3184.1641390498858
3878.7406430755873
3787.607907521937
10801.897642136333
27472.07581606775
41137.53370002993
21479.4581325003
18888.202672106432
4216.89576617087
4395.926417234301
5360.113780721889
8819.70090269053
3825.816946829113
3626.0483680267967
13588.960544776133
11755.297856685145
13308.275019019322
35941.1121471083
25600.216403101156
5442.253518130699
10841.93037394667
13127.962292926164
12967.434542236548
12765.019955454578
25040.83075053741
19870.922608481298
15022.59765894261
14224.687124854212
21329.802132906734
17600.203453050686
5560.759254034608
15443.574766681088
12747.635043856279
7859.519316293247
6192.510005032329
10077.155745043648
11853.720846068009
7459.841215111147
4266.828847119928
11313.383548199306
6129.817086248665
3086.5954655065984
3367.2226431031772
2915.623924967677
2789.2202280385222
3220.7968368955108
5748.583222329325
9391.160325521043
2550.3617663557225
2476.6561637033687
3359.1996914971073
2907.4809858928547
2481.788220586302
2980.893110646461
3637.834221240848
4135.564490629587
5423.692196530362
7745.726569123817
6121.466771731485
6304.449789944565
11260.984601523403
50543.287528640336
12717.315073077694
6030.918621745826
4200.145963533315
4132.590353945299
14450.698881141778
4710.23824408159
14233.057130648285
11789.546970935
12579.544478229633
13103.921021388545
10965.506047554007
5487.34774983812
4908.817990741125
6110.420284315743
3492.033306509633
14896.739379573799
3298.9781894320945
2458.02110132867
3134.0947830853097
2555.5041456643207
2092.633397187081
2320.11475224513
3538.9976131085377
2101.827217689247
3208.0098632431386
4065.028721633247
2614.755654928852
9595.64996531508
27136.076150179335
10435.616420283319
15350.375309803501
8728.524566392123
8636.611138108521
7220.574663495495
3463.216048024451
2660.3664651024624
3047.6560098487425
4968.063047198837
5210.149473051667
5416.084340077276
4508.318050628985
4805.004023033086
6148.160434501645
6223.071631692349
5476.6167946190935
8970.842727048219
11219.745694025878
3365.9976277596725
18560.958983211345
5677.06941732019
4745.037705017721
4303.858873065814
12054.600238811798
11815.966621349156
10118.32069564896
7479.996532227088
11641.365719586793
5822.28051620506
2582.4131501724655
6865.5921827190305
34700.3845419753
9963.82524259614
2595.7291421903683
2795.8090563955557
1833.2197534640497
3036.320172867158
2505.038809829734
3493.8760118592363
2438.1040310871317
4488.395730579877
4097.442951196562
2867.384454395582
3175.753405932232
3331.26502783763
2411.364446182333
6787.671184107053
6523.8134282869505
8149.121665813683
2515.516035004056
2925.3410853477967
7934.266305264099
3202.318654207899
6708.674713261368
10186.56454061871
15328.390214241543
14112.838423763598
11679.07165633897
12383.826232776453
5057.3890867771215
13755.777317098742
13130.881024972157
8752.13546264542
10992.368032746914
10513.985020122524
7109.781355659117
2876.038098922925
5527.9365468910255
13201.958482133838
15786.94526459851
17284.085100441203
26324.937583286377
40503.58371450969
49146.67289569133
50661.38621987486
85513.62678870454
62062.66737226231
56701.56479932566
55919.642845820425
56875.43469294981
55187.12608162925
56167.27766090919
57366.01975801624
57704.83328596754
55776.86850524955
55435.41375597396
56374.343816331915
57883.460788907614
58622.562101346484
46345.35293276839
45005.66146344725
48484.91664921368
47205.49889417173
47749.91324546275
35969.94359917182
47563.05748745728
62585.30401834906
68334.85399061852
81721.30258082734
85467.49397615793
77312.09406700678
75506.47889270804
69937.59159083653
70666.83567863033
66284.26281699823
50582.76197576204
49719.05133141579
54163.717072600484
55411.75789937481
57536.14247939939
49996.2181290355
42997.58773227239
49644.159773083236
91020.47634932598
108774.58762067942
64514.05420887559
56694.94483094073
53764.93825606734
49357.698135152285
54597.14105064219
45284.670916291194
47895.49902951016
59656.48282134813
66368.28107344336
55892.94114370704
39228.122109465054
45039.134333719456
48958.13824459965
54762.0777996324
55250.5172633497
56276.30845962996
75893.33731608496
72029.78558140459
46313.44560067518
46321.4595243211
48510.95702248317
52563.08490355449
38242.33407178137
55040.991705373985
77007.64210067526
92905.4819879425
89928.4720845222
84133.90638477901
75840.96897664416
63787.09042709455
62840.3283308962
94460.09504991907
82501.50184591566
56347.331536526
84189.19437742147
56935.93093927553
46694.792311887395
53546.23968655215
55495.71997164273
52313.44939331808
49899.822631962066
54960.08706966093
57343.0111650494
57290.23161807691
58974.45364943057
60119.08780582653
60530.89329276179
60145.01156844622
64412.41891582131
51419.39388393416
30071.020604315123
51524.03217871019
52374.36372672604
52841.83680242064
54859.52907442409
54713.5209329257
54188.80102970436
55410.12693153536
54465.61916131041
56268.40168971583
52654.83291266759
55249.380530796865
47928.31116974232
68013.86743263435
66986.97819432689
46592.729574276425
47019.27978318724
44362.058033016845
51616.67867545051
55528.33425898956
54781.741221625634
55597.0008729874
54202.66410056861
53117.237092399024
54098.56195055305
55443.22567638777
55308.64217039855
54528.28037859834
59238.70964125996
56549.17710156242
58073.24738582697
56450.75626856437
55867.68723503373
51102.827706838594
55389.621670073466
52865.01375540696
39503.29515658205
52529.90511324568
56167.871651333
56765.800378119304
58256.50219607541
54915.135300418726
56726.770262277896
54015.8277318727
55564.14147485042
54001.93551471651
53952.177063767704
52353.717458535335
35626.63781988327
44657.70282148225
46216.75767713063
47974.278605057254
62916.06862297271
55345.9681836914
51692.25636037435
57991.98682297946
49805.18303738855
52862.63708075826
56429.30758999302
60793.05181393826
53869.49289875791
57043.847135690645
54428.39329735237
53486.6248717856
54660.06857827039
52681.65739137143
53728.379111477596
56802.37243694682
54269.71018972303
53386.76303661241
56827.338430730546
52728.92859985822
51140.3482445248
55797.728370178345
51974.60824017861
75451.61726231064
74922.28654130391
46451.48654589773
20714.89573349082
4927.666748097354
22455.559737006006
36773.28760320885
34025.00411370488
38736.53554945137
31875.3208860958
9264.821082083954
43679.698896491966
37578.80753870727
28005.885364968868
34245.84030977171
