7.164478940760187
8.00831928049466
8.076742889012827
8.951936376210234
9.663845633039946
8.975377107364684
9.44580399399746
8.445511010728403
8.421679973012482
8.818728323699421
8.688068116442297
8.76798825256975
8.354901735432708
7.569010863350486
8.574939144546192
8.322070049393803
8.83597155310851
8.401058677779028
8.814238952536824
8.5810888252149
7.49216799091941
8.394595827157678
8.808142201834862
8.067309875141884
8.669278818852925
7.901451926374757
7.523907103825136
7.643252595155709
8.421021863673564
8.262384076000904
9.6622463099631
9.645469368739809
9.083664434101488
8.668273645546373
8.947158637968341
7.800564334085779
7.3070273911091155
7.261158159761959
7.554292211483798
8.322700814901047
8.116787481302497
8.27568838146407
8.023943003971034
7.016116127557435
7.042390310786106
6.773908045977011
8.605448567402536
7.730220637396925
6.725739371534196
6.752288329519451
7.443165969316597
8.308521619451772
7.527560863573726
7.122137404580153
7.970632098198922
7.621729692676796
8.404115888710049
8.40651141758987
7.40279184960036
8.234435575826682
8.373517116709976
8.010992825734784
8.753651081172874
8.148879954049397
8.101475803683789
7.9732815964523285
9.089442815249267
10.822464183381088
8.539433600361052
8.974238067855088
8.830737037898164
8.59068274869979
8.992770254762451
8.998266897746968
9.12361079609889
9.326724730689893
8.92004106307745
9.031662870159453
8.43639676574422
8.301986450798026
8.573019801980198
8.072154355520036
9.217752161383284
9.68645219755324
9.050384572511426
8.873157711500522
7.631234950120399
8.239894045836692
8.21271954999426
8.068680089485458
8.203661587445986
8.851210278765631
8.766968325791856
9.347582993593477
7.605881012081149
8.245453492412835
9.07087880528432
8.537247105601685
8.223461798512508
9.139828544949028
8.193791371832916
7.159410582719357
7.543470810007998
7.850601295097133
9.002024974687817
9.615420076063156
10.435063437139561
8.23334464427101
8.210367271036727
7.891864175022789
7.725028312570782
7.916724257083621
6.972526219790241
7.659380894263841
8.297640861200183
9.652666514076447
8.577866061293983
8.964792005577504
8.92662212659948
8.869800884955753
8.658737419945105
9.463605051664754
8.279562695225346
8.570995622404311
8.977275335705269
8.471283410647228
8.84344756916771
8.95589256772401
9.54731341588095
10.200317965023848
9.376191556967772
9.278189488085737
8.910763254113345
8.811118784530386
8.894044093451793
8.695721986466339
8.279907621247114
8.364876957494408
8.596567024754787
7.563759144625774
7.731686078153913
8.02955497678632
9.147965049436651
8.39625
8.346198423736672
6.703455448977233
7.383485421767193
7.253360674413306
6.940976549223972
7.467178849847475
8.702574760420275
8.277200593675078
9.023917479029699
7.530005672149745
7.096501257717814
7.090061763054464
6.50214883510518
6.288509670079636
9.467513489208633
7.881051656242761
8.569126280649247
6.770680044593088
6.447195669699413
5.66616645503867
5.9771034789374236
6.920013930810309
5.966861598440546
5.903527317236008
6.112872183855995
6.013425925925926
6.073719045988817
6.643583590446806
7.41513105184846
6.7017603634298695
6.409988518943742
6.8524779990736455
5.750420450723175
6.393859849349464
6.359012801291662
5.3999773960217
5.676042019654354
5.133495145631068
6.605479452054794
5.911651583710407
6.2644449499545045
6.38457168825267
7.475349266828311
5.493745735728906
5.77109243697479
5.978827546955037
6.070057803468208
6.205387205387205
6.30081490104773
6.838866396761134
6.4005406623113315
6.927611767431086
5.7324804709611685
6.5785706296834805
6.077020202020202
6.20719889247808
8.334692490655794
5.137134231305156
6.124585666933363
5.491825158491825
6.2979486604640735
6.296543909348442
8.130285321416295
6.279520295202952
6.756729131175469
6.1251544770250534
6.519337016574585
6.600416233090531
6.244793406838178
6.233065701684948
5.606710796621776
6.232261008441706
7.073151125401929
8.123751578464011
7.554593116024618
6.554236311239193
5.592217361271011
6.313468550592525
6.634362259755387
6.763919308357349
6.846621621621622
7.203889080658152
6.202587674497787
5.798224650051212
6.190055121727148
6.024093594347272
7.3290445289774
8.233192785195596
6.971938475989198
7.521819016995866
8.735436893203884
8.613344051446946
8.426448565833429
8.364736484958154
9.048457142857142
8.864316363214659
9.12168702466006
9.106497987349051
8.378996472863808
9.189625558227414
9.093746414228342
8.325070741369553
9.779240100709545
8.535140676614649
8.59596765007404
8.805836397058824
9.424120948344978
9.710650224215247
9.270897304674172
9.116204076931936
9.509607908474953
8.5748748293127
9.214073905109489
9.504098820887142
10.134198645598195
10.433337235163291
9.990765021092235
10.286700622524052
9.288958405746726
8.768430473207294
9.084948688711517
8.76260649320746
8.701291409320607
8.80002285453091
8.498873873873874
14.49445701357466
11.810972798524666
9.410902696365769
8.942748531275198
7.704897636014025
8.56525693497044
8.535112035112036
8.25421809534594
8.613495524443424
7.776660641662901
8.901427447454198
8.21260647359455
8.338417009907603
8.496415974513596
8.591202811472622
8.47784739315283
8.800385837494327
8.974091482288204
8.491403026134801
8.385527065527066
7.95625356938892
7.791737408036219
7.207099253900068
8.687095282146162
8.672763051279084
8.815384615384616
8.781476788388435
8.845934542137075
10.08604296278906
8.358283202221195
8.326004809343868
8.456000934907093
8.90895436164067
7.924918511857929
8.361592290925778
8.814109225262671
8.664937072201369
8.280347150850748
7.956079936773174
8.09424793762007
7.785245530663046
8.449733650685708
8.719917012448132
7.762596564049349
7.858638743455497
8.41941248743438
7.70017133066819
8.862469508653735
7.9723423628499885
8.740916271721959
8.323505130321973
7.684761797499719
7.52833468536331
8.131657827991699
7.347437492929064
7.863326792104352
7.8297022926884905
8.50579642939949
7.897573815518426
7.313789107763616
6.899861878453039
8.150306053049196
7.847954545454545
9.172075387532063
8.481664559144729
9.248692620569436
8.39251904871854
7.193763139453399
8.346733086190918
8.160999306037475
8.825367218465843
7.992317541613316
7.392885198069801
7.91340782122905
7.590898696546993
7.930251901140684
8.309797101449275
8.679389312977099
7.545194508009153
8.969052001840772
8.310128745585052
7.914773369503787
7.833693796243597
8.259830468566047
7.821924091273936
8.699128413712957
7.672342924251321
7.798986291901855
8.345448211797493
8.540496634950104
8.852804532577904
8.697539461467038
7.730622617534943
8.960489181561618
8.65063231296537
7.880593527281224
8.555860178204249
9.579097985347985
8.207705577918343
9.039707060304382
8.523122372457676
8.504655493482309
7.160694288913774
8.075617811183237
8.702431229311722
9.88206333221439
8.288032691185055
8.722163804182731
8.717722805828533
8.480475970425138
7.945094825567783
8.286973992633106
9.029432213209734
8.51699484294421
8.353115052296499
7.8652837930248465
7.801324503311259
8.226583304388098
9.504670741552301
9.775920134712534
8.95400610238445
8.238708928364101
8.714285714285714
7.4180440771349865
8.286911595866819
8.91703411464377
7.895254237288135
8.61010101010101
7.074702886247878
8.782669461914745
7.754400185270959
8.536073924890415
7.957463792906831
8.646284649429303
8.281988304093566
9.422181231265853
7.877218934911243
8.460617804627836
7.730751708428246
7.793200799905893
5.534232483712424
6.2236753856472165
6.7495711835334475
5.525415949512335
5.0746801890054165
6.263176104255565
7.06487414187643
7.161411496869664
6.560252957020729
8.523961661341852
6.6411418214771185
7.096920804454039
7.112064910630291
6.804911168948738
6.912016432728517
7.542763542763542
7.787933566828607
7.905841526894158
8.692796120988225
9.312742192842489
9.552238805970148
9.892783029744063
9.155346489215237
9.581441149212234
9.496951219512194
8.71812613430127
9.35205083766609
8.744180790960453
8.50085626213038
9.8194363910472
9.290885660731021
8.958093483766982
8.510113129928008
7.893626882966396
8.076522526601766
10.245143058989756
8.406707387345858
7.938092518560822
8.570515056388793
9.025476952245526
7.676609105180534
7.814230634419909
8.61754547547778
7.610069326059779
7.950023137436372
7.50691722388748
7.213360599863667
8.742183908045977
7.7590991810737036
5.862511563367253
6.54097605893186
5.619469026548672
5.2948331788693235
8.320399494891516
5.713661955647478
6.373058169860529
6.620344506517691
7.74666357200882
9.597882995674937
6.749708828325181
7.4060649135276
6.787731035264769
6.0336330725213125
6.597711776262568
5.7069379357640875
6.604107244723331
7.513538426085955
7.833427569829244
6.0058950232399955
6.963737152096085
6.541708655245773
10.863667582417582
6.854799862369537
7.011748757342973
6.978588421887391
5.561165939866881
5.294323835368611
5.4337706788362805
6.111226972540841
5.7151077513257365
5.554149566803465
5.847265943803195
5.206931818181818
6.554121613765841
5.9742739538074545
6.588681380871534
7.0197730197730195
5.905904059040591
5.9873720136518775
7.735391652372784
6.034030197444832
5.869214147617423
5.562420011634671
5.97796370492576
5.527672739773118
7.321744119334481
6.070270909736188
5.609517381032737
6.709703472943349
6.428108733371891
5.570485834565934
7.8710753306497985
6.261195779601406
7.070915517044806
8.016796015290165
6.497691064419302
5.557288057288058
5.714485003487561
5.0448955916473315
5.539452495974235
6.338638475836431
5.02100350058343
5.066081330868761
7.180967414590145
5.994471238677803
6.3715896279594135
6.886908206968399
6.691016055889202
7.447429009976976
7.678229119123688
11.02532357906584
10.761198288159772
10.408644400785855
8.721215906724964
3.6383663785799016
4.30533917559234
4.296920876308063
4.634047715325516
5.074052074052074
4.578251142884933
4.848786690685599
4.266448087431694
5.07233997680059
4.876422942206655
5.835827513579426
5.127092106683944
6.363933711295246
5.687437185929649
5.426459143968872
5.818223028105168
4.914379677931504
5.520077132486389
5.320517182715209
5.8612291786329695
4.986244364813317
6.149132816065723
6.09929973596602
5.589565018837767
5.002630675969347
5.859956734600933
5.474549189682721
5.325581395348837
4.042533518261673
5.342971887550201
4.544050343249428
5.774865514478654
5.028544688816098
5.224063985162861
5.148059086224665
5.366863905325443
5.254635911352329
5.667572771548307
6.17922491192181
5.287027693687633
5.517816354499772
5.344553314121037
5.4063612355035024
6.589528193325662
4.824193364496637
6.928958051420839
5.099825682742591
5.352398739348663
6.419229450097176
5.863855847367801
5.6450241323833605
6.126768731152865
5.297097259165028
5.539144659967282
5.922714203565268
6.347955902618282
6.346171802054155
6.199705815795429
7.174244975861682
5.806256421965978
5.498781478472786
6.088971701409107
6.087116847199816
6.9897562698693045
7.657391100152636
7.163831487612741
7.308651957953102
7.3436183536377095
6.700539146741678
7.604928457869635
7.052811505363668
7.24750616124868
6.58424456202234
7.572790697674419
6.323193473193474
5.089587827864199
5.505791962174941
6.451684604585868
5.46629405726018
5.5187996263428305
5.762457892902776
6.185875316310099
6.076567198704604
6.843782837127846
6.7400726117540275
6.794076655052264
5.487932234857276
5.203272643466237
5.450356617230839
6.120054882231877
5.116503763622065
5.951653944020356
6.1597998137802605
5.678766499772417
5.198065944308516
5.6400235432607415
5.244451992753623
4.841965009848222
5.285928662126284
4.792476560713469
7.169432517117326
5.8053652305191035
5.89679234665166
6.047801369068337
5.469910672308416
6.402225755166931
5.051977658725636
5.633118782913985
5.955934940592917
5.569754079521949
6.359036985345429
6.1126776707932144
6.208152546243435
5.723012842762929
6.040996602491506
5.844784007352941
5.465884248072719
5.499167683941849
5.517068624024234
8.117986608173632
6.384528769282738
6.9857539958304375
5.8262921606998965
5.52180399357356
6.011361001623
6.562099725526075
5.509856630824372
6.4010737948366465
4.673780136117199
5.408816493905912
6.031138687808801
5.8006900517538815
6.072555568351952
7.590248476324426
4.78589536759622
5.030694302865557
5.686724850711989
5.691530869864586
6.151706986208456
6.1963978432947115
6.016378316032295
6.8509659613615455
6.757209620426308
5.467685892981237
5.625086705202312
6.262389995368226
5.771704180064309
5.744907197827071
5.2404265076817245
5.57562358276644
5.826047462245941
6.162137263933671
5.6384068941423084
4.912928759894459
7.707172224760164
7.974135931338436
8.33457711442786
6.42801921049549
4.949343771586461
4.788186432856484
4.35471397702718
5.069566262165084
4.525600718616663
5.623269342641071
6.100489054494644
6.8302561735518115
6.279671645194391
6.389379502672554
6.498615597600369
5.516917728852839
6.474006116207951
6.0429119665077335
5.982192737430168
5.817013888888889
5.504191209787042
5.810901129292463
4.990549320732428
5.172779043280182
5.1471395881006865
4.8641873602447925
5.091706987734893
6.624941779226828
5.50885269121813
5.5912616929044034
5.863489871086556
5.776318768394838
6.5692061313200645
6.618214853508971
5.017644309418088
5.380661231884058
5.996975337366217
5.543511272047658
6.129663330300273
6.260530773574252
5.901210146613916
5.548552541600182
5.76176164605248
5.735740326943432
5.318499827961922
7.703978656768356
5.123048021603851
9.31040786016223
7.552434672499136
4.689671037497124
5.062622534886403
4.6800711743772245
6.1832771252471215
5.835238966384633
5.610060731064513
5.757367274395138
5.184177858029567
5.591629604287832
5.500984365952519
7.641628440366972
5.725585149313963
6.242998256827426
6.994656054576464
6.28853891251868
6.302636122942328
5.782613649310698
5.707978663034843
5.55876887340302
5.139821408387024
6.099518270473505
5.217799953585518
5.192325315005728
5.958148234743979
4.783469150174621
5.8069934864586905
6.920754716981132
5.591763341067286
5.85
5.268459487655036
5.61470656460218
5.5561485182241395
5.432463903120634
6.4862763037511435
6.538355217691776
6.721645879473132
7.5199446622089
7.2133574415188155
8.130489767762704
7.759567290915435
5.567412507171543
4.769949760486038
5.650137111517368
6.037746739004963
4.574040009197517
5.478780908568143
6.06897341888176
5.427558963634251
8.479058211074301
4.934503326451021
4.193815635939323
4.9330790568654646
4.038093065693431
5.019713682234217
5.320192528077011
4.562422043315569
6.042699724517906
5.503156418050035
5.5304367251200715
4.587899543378995
8.279934709105747
5.536629213483146
5.815919256795504
6.188726608854404
5.3109859154929575
5.529268008844408
5.379478260869565
5.521370459493526
5.836507199256851
5.396375464684015
6.0342778793418645
6.029138465068257
6.521849710982659
5.698781459970391
6.626003957630078
6.073583180987203
6.40640422357397
6.8066399542072125
7.872065055549193
6.504871766155224
6.387288523090993
6.38533107781537
6.188866351138157
6.407533044800561
6.139580678790687
6.545712019938824
6.844485463774804
6.936302792522501
6.561790017211704
7.391498356035697
7.345385237380155
7.36921482845959
5.807665666127915
6.063134293131933
6.168029993183367
5.636903402603334
5.114186450492183
6.554039995376257
6.477545783273067
6.823918338939798
6.602155468929145
5.5745690153881755
5.787111622554661
6.235226488848011
6.113777267508611
5.79967689822294
6.458636206299758
6.315403698691926
6.977879656160458
6.506212242106463
8.858125931872921
11.028858663512715
7.433674042457598
6.644533029612756
8.498777221381157
8.517161944252477
8.647458394656402
7.273756432246998
6.401120896717374
6.07776623976001
6.888888888888889
5.9303306727480045
6.014460897732532
5.594006381039198
6.1476487252124645
6.672878082036132
6.166155593412833
6.679418776251561
6.285910652920962
6.589809213587715
6.026255445998624
6.770478873239437
6.497727007809768
5.817851464910288
6.878434541676287
6.637131289762869
6.759967827186028
6.496492048643592
6.2493000466635555
6.289361210581033
5.669117647058823
6.395586336424463
7.365575453404814
5.999074823638256
5.813097019219703
7.512969946291852
6.751684871020219
6.641617819460727
5.4021254713747
6.500815850815851
6.374375072665969
5.637948954844671
6.739892498247254
6.406601123595506
6.295056528485923
6.067636786961583
6.717433276547416
6.542160664819945
7.111880177011233
7.029816513761468
7.30178886925795
7.189213382566857
7.1919903179667735
7.144140197152245
7.275221139849961
7.479243183082916
8.054913612853527
8.17081460366188
8.413812402059548
7.901805748477401
8.372623989512782
8.549068457538995
8.406306210982965
8.84378401915959
9.742180805484148
10.412278854254422
11.121774018651053
10.103176295033043
10.406272642583584
11.042727665084161
9.525271912987844
10.855525267351647
11.237135998330029
11.559051814558423
11.829954013377927
11.944677724123451
12.096495843417868
11.32602294649203
11.5
11.96537294696098
12.20868772782503
12.423988409396667
12.274027577690882
11.699143905421932
12.622819618304945
12.746535677352638
12.40625632719174
13.56107099879663
14.830870445344129
15.0027330701488
14.336630695443645
14.599482432566935
14.143429017769966
14.217382696495743
14.749362620121593
14.79204322200393
15.667518678725914
14.56760757994473
14.595295247239559
14.554779233381854
14.871124975628778
15.783268858800774
16.74623189833514
16.663350077279752
16.572862880091797
15.14687558995658
15.273345464993774
15.836008843602807
15.83091187153508
16.44324843825084
16.184648466716528
17.02473599086671
16.767463933181475
17.33717444257073
17.387461745339888
17.552328870450687
17.447580272045897
18.03107502799552
17.477894151450553
17.743891236450487
17.407959278111985
17.48591943304737
17.15566211729989
18.401826062897722
18.12852519648636
17.462828649138714
17.541670478455767
18.074525621046842
18.13131404733835
18.30458028871859
18.388433515482696
18.35638629283489
18.396359418220754
18.624565892889784
16.581864645752557
19.202240199128813
19.236672051696285
19.20582797781495
18.604505300353356
20.147206754086582
18.92864647172124
18.36180860403863
17.492784744889196
18.037407343561455
18.50803633822502
17.739703741758714
16.320262483994878
15.87626403376065
17.38053402239449
16.210620985010706
16.568115444081773
15.336232882611316
14.017941773865944
14.381502402832814
14.920172326406487
14.055625471935565
14.28615410929616
13.037793407338361
13.633338948787062
13.34049310488926
13.036526245402875
13.074921868401047
11.958975217682518
11.618095078674255
11.429475964342247
10.96953729622921
10.971145025435744
10.996448335673577
10.807955200527052
10.223825530868247
9.95743116267669
10.067507783057513
9.936572423513805
9.439770245125798
9.08817635270541
9.586539253645276
9.190491723069396
8.000321336760926
8.517424120764414
8.633659364643117
8.7500199537074
9.048492257538712
8.35515141804198
7.659213818710146
8.12680656487303
14.477649265395437
16.89508893436172
16.588652482269502
16.502755037783377
16.921961217089706
17.226080125687353
16.92465859714463
16.88922907834825
16.526617146394305
16.58593272171254
17.993707760428805
17.51167576980923
17.06104901117799
16.618270045444042
14.940155780057069
16.60578911095796
16.269057611598626
15.590785062758245
15.634305420196416
16.56311862342013
17.335663261387204
16.112169473443572
16.233371428571427
16.19492231906025
15.655709600477042
15.792021515015689
15.561926091825308
15.88574248405709
15.514666666666667
15.98550067965564
16.06922107759579
15.84296230202989
15.618733802295447
15.900258971513134
17.21104889884285
16.570390149829404
16.66388827959348
15.577476155539252
16.006843267108167
16.35265068990559
16.301699191214663
15.808853558926488
15.086827859978348
15.850105049626892
15.875570693528516
15.387078330474557
16.235158335136695
15.966313207819375
15.042678123881132
14.921094198736359
16.65655032878098
15.934005037783376
14.646953018202748
16.220530416756024
16.30884937091446
16.22002262443439
15.109731591789867
15.088210287657645
14.964066360748323
14.604532937936877
15.535494259311116
15.585552666713513
14.710340443565475
15.00986933555741
15.321912518430105
15.041759932848349
14.70930794176499
15.144471573072899
14.461703008556444
14.695314665927363
14.946090534979424
15.05706390328152
14.152960639691184
14.557661374921324
14.84792375765827
14.544731475186948
14.839664728944166
14.615913422270623
14.917114963140067
16.020455161202925
14.899628001352722
14.21614948281615
13.822964565864215
14.915350427350427
14.854007111597374
14.71766774891775
15.039362635878739
14.487103508653782
14.84591216446964
15.296011957334057
14.736824460238703
14.475011802792203
14.729663274366505
14.170211329417326
14.841175261968358
14.63387306141969
14.85181637818978
13.713755923356912
14.213762410133516
15.566010951125532
15.895110141171656
14.322606924643585
13.898105234460196
15.290986127246635
14.642489851150202
14.04018240697905
14.528015194681862
14.177378766238183
14.815973624007537
15.052359932088285
14.50411828247367
15.107625743645213
13.940788130402233
14.886675730795377
14.797464016449624
14.768381601362861
15.160965657939476
13.882051627687538
14.628201634877383
15.642971301507886
14.22637716123844
14.396971960078757
14.388238497141302
14.694889915737972
14.682314852286524
14.823147832024581
15.902827693768224
15.43174061433447
15.006315360586717
14.63
15.890292190060077
16.10390313197592
16.101346322982206
16.38412849656299
15.194586031133765
15.394001363326517
15.192198100407056
14.390605686032139
15.051374278927723
14.378367346938775
15.488981374087468
15.198357123619715
15.011409718881023
14.620450125034733
14.864690026954177
14.473695054945056
13.78617166212534
13.758597208035411
14.77323242653576
14.472226013375188
14.048337148242897
14.05679758308157
13.811459118634774
14.031446540880504
14.390474892689241
14.204594053942195
13.922437673130194
13.782050411033358
14.330093127591597
14.429244965312858
15.221210867466556
15.15829248366013
13.950532672864218
13.378599408975328
15.469001582605106
14.811967559462959
15.13473669775096
14.67079343365253
14.405631353665061
14.783881287863318
14.76635450133297
14.57638416541967
14.350670349659772
14.62874948637173
15.120851296790528
15.024065261726717
14.379662185453292
14.58765731206676
15.140224193659309
15.319237600765131
15.899313658201784
15.89670820915741
14.296937233896443
14.604382929642446
14.913703176861071
14.556120718887758
14.638182434723635
14.345930232558139
14.19412767073011
14.443777045792158
14.803667598336629
14.873985417526482
14.39167069549002
14.858251493716091
14.417222184042334
15.122588589410316
14.451608496687385
13.26947339550192
13.795474621186383
14.319705641864267
14.771910499139414
14.945245744753572
13.82747582073287
14.370483389971564
15.347319829130495
14.43095091815141
14.566502463054187
14.451679232350925
14.345363648815232
14.996252384846008
14.754876551630064
14.707589439580891
14.307030820033022
14.668885990802389
14.30656984311845
14.769342460070526
15.592889986960401
15.16382299902899
16.72604936549993
17.765833896016204
18.198469071098543
17.690254500310367
17.3097089382784
15.8617552500171
16.819024889191954
15.848966829798803
15.003363074811256
14.729296280934605
14.989097311573103
9.835134946649
7.149692254093601
5.966997084548105
6.095748358105773
6.712951068550741
5.930416569699791
6.643780290791599
6.595320109276636
6.911004678102027
8.248866674415902
7.265730138118286
7.621670839972684
7.573822107275385
7.3916358595194085
5.8586186883343006
6.0372619047619045
5.6458022280923394
5.44892723880597
6.1624430690178675
7.096659396165768
5.151957377808664
5.35390178467281
6.7351155731963575
4.9770222743259085
4.796983758700696
6.165989081194099
6.168164017507487
5.505377574370709
7.861071932299013
5.944217050637352
4.889486609753245
4.985684111710866
6.18619320172877
5.679370629370629
6.112140762463343
7.1131682480907195
5.5691780821917805
6.543391812865497
5.671193791371833
6.3297748897656065
7.840281925695855
7.594977168949772
7.3235190615835775
7.987543006287816
6.201016048955086
6.838382661384292
4.9640725570509066
6.403057757644394
7.572752108326404
6.642882208445433
6.09047619047619
6.101071975497703
6.27628079102579
5.351376466488558
6.1136390708755215
5.296768906579255
11.232935450225982
8.172647574517827
7.153266040143868
5.861547411285631
6.525639528092513
6.298129291972532
6.936915077989601
6.644646655636965
6.608741504569956
7.324863673279963
7.485684599399677
7.5884981771139595
5.700575373993096
6.67143879742305
5.587535734705546
5.108083560399637
5.77872390061822
5.685125489293116
5.131624324635015
5.190408860610345
4.9397129186602875
5.59514687100894
5.726909464550748
8.911898911898913
9.63448275862069
7.549613029917985
7.542054986020503
6.529919514755628
5.925531914893617
5.360117994100295
9.72771644392795
8.97048321828136
5.251552080938147
6.709771116533054
6.314753347831063
6.784372026641294
8.633903792784459
7.069229901905514
6.212698412698413
6.067524868344061
4.773604897574758
5.60289990645463
5.462839808657099
4.727400468384075
6.0505334740297805
6.102319236016371
6.113397185763273
6.558721417454807
6.038097410744839
5.6460084033613445
7.31217055171606
8.116183048514738
8.142277365491651
7.8115238996687175
7.893949850471589
7.734275618374558
6.877621958528107
6.7591790193842645
8.695873241102046
7.411689961880559
6.537422751201648
6.808768218147626
6.893325387365912
7.32421276093879
6.778592711437085
7.392367674858223
8.67111664215409
7.6461412151067325
7.4652040575607455
7.1826249416160675
6.045916579039607
6.556765715638688
6.527137200093175
6.898860566192882
7.848722756034685
7.723509742880203
6.477104178928782
6.698540752165144
5.862255466052934
6.247616805931505
5.8228309428638605
5.480820489048557
5.922759919934063
6.25252642583343
7.049355978570614
8.88690199721319
7.7020804114071995
7.111840562719812
6.299315849486887
6.387449157466589
5.522743015469868
5.471963704048394
6.341745283018868
5.624125673661277
7.091224419007978
4.939687354176388
4.5992899408284025
4.507035755478662
5.2180581180811805
5.72221578398424
6.587423312883436
6.202426788006067
9.75794930875576
6.085220639738501
5.722690058479532
6.773340961098398
6.3282934833567746
5.994754633407157
5.578370978781656
6.856699252443933
6.893714011516315
6.671333081094716
6.422516014719913
6.700458015267175
7.543703074089814
5.688768156114868
5.6840455542785495
5.122327912447581
4.863426186985452
5.039189036130932
4.711269892822345
4.658254225515166
4.474689265536723
5.088956365272154
6.5965928844593815
5.936559990953296
6.008697566883188
4.812704871707924
5.141765999305636
4.364213629663227
4.932895191975095
5.394908921064923
4.850778744846542
5.426168224299065
5.221361876565703
5.59722385601694
5.078345273861798
5.561303129378795
5.437871853546911
5.866781609195402
5.10418637653737
6.417030066559559
6.018784924503626
5.178032518423207
5.295034306314688
4.682503426222019
4.846893317702228
4.914691400435131
5.808285277156643
5.425701867731704
5.197932222860425
5.5689796876834565
6.63155403006273
5.539112993091152
5.304752066115703
4.9848755507919495
5.371647948659179
5.252484862332914
4.934403020292591
5.222271964185786
5.898964032126644
5.062761993479273
7.275866160417656
5.0492132970543
4.797725140712946
5.508279668813247
6.570391705069125
5.320069404279931
5.726509488211616
4.667336564605745
5.081800812037258
5.738174321383576
6.520183486238532
6.16432651118515
6.183018649368702
7.361988304093567
7.869502696225284
7.767080045095828
7.308562006830762
7.575793745523991
7.467308781869688
7.475634218289086
8.722098083029518
8.236094674556213
6.750987683011852
6.311032028469751
5.104995961693781
5.520286672061033
5.964458804523425
5.233325666973321
5.738037024100594
6.272009569377991
6.276940639269406
5.504309340787328
4.67232953223179
4.261765044298699
4.1561191251744996
4.648701900788132
4.953197405004634
4.672197725690415
4.763176305970149
4.910514018691589
4.9156078797062595
4.719883381924198
4.548686776006423
4.873106501980891
4.414729139619969
4.54060406628276
5.347636449369327
4.572336852207294
4.443824793772511
4.715287517531557
4.761798544259216
5.5051474029012635
4.651905372334227
5.414796846573681
3.8708061509785647
4.640866159870997
4.632935560859188
4.219464326945278
4.003491620111732
3.9649040711277492
4.4789298426914685
4.2411647293648
4.260608203677511
5.293466868522184
6.460293432696786
7.44412208425206
6.463358603262118
4.687144886363637
4.610269758637009
4.459215863001352
4.525829827021973
5.4155104944859485
4.818046660567246
4.618568755846586
4.8963407459701145
5.070867052023122
4.953824626865671
4.753911304552406
5.178620374600274
4.424563445867287
5.1493027071369974
5.6457018248594055
5.761481481481481
5.170824232670422
5.22288465948177
5.559007651286807
5.719263256687001
4.6489337822671155
5.303927281202657
4.7308323563892145
5.72640423572744
5.659125903115006
5.203817880009486
5.189723320158103
4.90566037735849
5.507272082298687
5.643562110039705
5.055185315094119
5.702671579917089
5.073340961098398
5.562682898279293
5.768564066526118
6.406716417910448
6.499482461184589
5.833032164799421
5.902354570637119
6.011785503830288
6.701300222560619
5.459792403330672
5.55410999408634
5.992404462378353
6.5054110062169
5.175023320895522
5.591511627906977
6.3859874096526
7.369200046986961
7.865067110108089
7.287692127185263
7.570794392523364
5.770719544051294
4.7465181058495824
4.379738031760751
6.041458184417441
5.084971098265896
5.577414113277623
6.048663788073288
7.51991984912777
6.354425879843584
5.221961244862008
5.0743451904380645
6.032216645266721
6.663984855655466
7.52091340718969
6.89790422667135
7.151841762406727
6.971392170488765
5.249443989230949
6.004544924833936
5.914156626506024
5.514942528735633
5.301311591634172
6.366809116809117
5.550894724610736
4.817571546343187
5.3447723633035915
5.563510941960038
5.269066792989105
5.437456807187284
5.351495478785068
5.756351715255825
5.9968476357267955
6.071511763335662
5.509133489461358
4.569114219114219
4.883037498530622
5.631578947368421
5.867578307620383
6.357167893445496
5.584300586334809
5.5634599838318515
6.408158588289218
6.497077390694412
6.361694876746563
6.753333333333333
8.633802816901408
7.400828296395791
7.224747174301012
6.573023255813953
5.618882733148661
5.3727968460111315
5.165647710231861
5.558007857638087
6.391814946619217
7.033103781563368
6.731860120742682
5.667807410903942
6.654040107892577
6.283433595557613
5.863191807617075
5.16546762589928
5.115052508751458
6.346816037735849
5.342049469964664
5.9277854195323245
5.962440219293129
6.063234403391884
6.2374985497157445
6.969227209625173
6.1696755162241885
6.665108323831243
6.010180472003702
5.848442584844259
5.960722975321516
4.86576482830385
4.870396600566572
5.290826963168867
4.792546878708759
4.954038004750593
4.368966708904504
5.44937873907041
4.470298769771529
6.249942143022449
5.113536104016717
5.337567631145613
4.981718677224033
5.124839575312099
5.025002962436307
5.386947700631199
5.037537193865873
6.1286990832076125
4.478011252727064
5.617997198879552
6.221244272968411
4.45913767194544
4.560637802607077
4.756885656372958
4.547723935389134
5.588718189281107
5.982205572465465
7.278739974427525
7.7330547818013
6.946581196581197
7.038302277432712
6.397122630737611
6.726074566611256
6.076959340011785
7.057001531032858
8.42195004803074
7.509543088490457
7.878802004428389
7.1726798006171375
7.847107917004752
8.42580494633691
7.521533364884051
7.125817180869365
6.873981847800791
7.283213060451911
8.175959619673671
8.667850595783685
6.883537447008949
6.350582750582751
6.6813685558012335
6.869210775047259
7.155547584887613
5.699233271375465
6.15973690392295
6.587039390088945
6.275917989111549
6.067907739140616
6.533453075886843
6.13647842056933
6.6929207688701355
6.120240936470053
5.239067728164302
4.78285779763951
4.991214057507987
5.046796592367838
5.18071868821956
4.983723062815223
4.994303941672363
6.420513424399434
6.479485396383867
6.911709820387217
7.051648741283536
6.6334779630052525
6.530595813204509
5.959176632934683
6.008416926092471
6.492458261370179
6.106995884773663
8.248136681573214
9.78423385647538
9.225757040179097
7.387376375152795
6.765380974917179
8.145772252843907
7.40656967492612
7.205569678761266
8.810063784549964
9.030600047812575
9.133201718731854
7.820197330237957
6.238929670850107
6.227183569862698
5.579693172502635
4.9590435876901955
4.876774493832906
5.281458895273836
5.184477199447259
5.126668988737954
5.237760599672054
5.773145034745573
4.9691737165372585
6.320772381509655
5.475231666857339
6.083851282630806
5.533043784481746
4.666437335167985
4.926302414231258
5.298975144304394
4.88245432609445
7.032848803937278
5.653751896370638
5.6027350813743215
5.136598233742402
5.441400304414003
6.003507580900656
5.825424315898857
4.794591416813639
5.029323133982383
4.464147507398134
5.264928015105027
6.155015197568389
6.7274638019617
5.640161104718067
4.938084378563284
4.965533302282254
5.461758398856326
5.672303473491773
6.143036960750658
6.11897519887693
5.150220913107511
5.676206896551724
5.7537688442211055
5.336682849723383
5.462788807616394
5.2825112107623315
5.428555098308185
5.703300561797753
5.586643026004728
7.092379542089076
5.791770425708526
5.638381959781472
5.812935664495487
5.945213446551122
4.4372205022359825
5.29745462846707
5.254217293853958
5.11360432330827
6.101932811780948
5.201401869158879
5.424292066463843
5.693611174719487
6.680093951849677
6.809269162210339
6.865993734772015
7.259995323825111
7.563502435547107
6.745822133925441
6.0656757690978225
6.126079243051449
5.6825997248968365
5.9116197183098596
6.362372236748277
6.629754174397031
6.258616647127784
5.8597846441947565
6.411152244331328
5.95703544575725
6.058943089430894
6.185789233576642
6.006519967400163
7.129424132694779
6.158532403703281
6.5828840197315595
7.531402113261309
6.744576387303037
6.895304347826087
6.901175648934932
5.873910517141197
6.443346276032474
6.275739644970415
6.755374782103428
6.722811983958481
6.620583717357911
7.234599059309396
6.182285580743164
6.976250864652986
5.5725040537410235
5.54056853492922
6.011997177134792
5.827677138271039
6.0371704030665585
5.3669321288482115
5.394608412735301
6.387298644107081
7.128688233202986
6.819029214504945
6.6562208760484625
6.28925908667288
8.487262998720484
7.794913108528024
7.477229146692234
9.022578380907815
8.464768850723445
7.321353313041442
7.359095084979329
7.199223346669805
7.17696335078534
6.926337734537873
6.107971864009379
6.5044585987261145
7.801618497109827
6.855699364214351
7.125913699599151
6.345908299477656
6.75774011299435
6.27249053030303
4.981316003249391
6.2797598429742525
6.698269815291092
6.057605552342395
5.604983038951924
6.100850122277862
5.405027932960894
5.509238814642649
6.181539910525077
5.927849264705882
5.571345774892778
7.071630204657728
6.155681818181818
5.898235294117647
5.780396732788798
5.6151274068949615
6.344643492703761
5.554545454545455
5.367546204812275
6.005332425686408
7.9675141242937855
5.086680761099366
5.6838151604825855
5.343287037037037
5.411927557965163
6.177670238506741
5.695855224751897
6.926890278567368
5.788843217850851
5.727434257285004
5.9295855278223035
6.370899221147038
5.271308802980903
5.092975442604226
5.642239889388178
5.669175585087616
5.938032005447735
5.356010867104369
5.892088867991066
6.177057356608479
5.381519943356148
5.927938570584761
5.997606837606837
6.033904229290457
4.953450482951239
5.1599010457663335
5.483232230742818
5.1347831282112555
4.877520792981657
4.658856281173878
5.28595198478726
4.474678502332992
4.79781741375264
4.963479879041637
5.521372392568106
5.949790307548929
6.4071729957805905
6.00763358778626
6.290607221641705
5.866909432632444
6.343922018348624
6.226004004239783
6.37445639734493
6.889331663440738
7.059675347424968
6.483557636044471
6.943594971117907
6.795307157174862
7.21808386038885
4.67596020360944
5.462405578152237
5.890792540792541
5.934585942936674
5.565990138745557
5.74381916647045
6.312599863044967
6.166434054431263
5.908421052631579
5.968214040704322
6.174168297455969
7.023616496298907
6.406213501518337
7.134214837350807
6.227240977881257
7.324427027668923
7.905920898666043
8.70721193056041
8.17185133403239
8.824046585978534
6.521369512053104
5.939404352806415
5.332712673106016
5.171134735382482
6.031727916000913
5.993728951341308
6.443040908564144
6.45340830846913
6.144265758891889
6.179742388758783
5.943950478334271
6.6531579571039225
6.227641334569046
5.651447921531995
5.558285052143685
6.910277516462841
7.04827822903558
7.245890171388598
6.220808295039472
6.064439679494414
6.731323877068558
6.3675978987583575
5.408880129840019
5.87069065583285
4.753455404607206
4.716624100301834
5.292491507555347
5.524235731721492
6.556170703575548
6.148118402937127
6.0272337466682115
6.519918051445481
5.149456521739131
5.144994780187913
5.329749513896831
6.468075333027102
7.645821157218001
7.981234169928621
5.536816269284713
7.507408278457197
7.249971081550029
7.132422734112745
6.855781672744383
7.701463526183398
7.074790012656772
7.836558396682792
5.719479921758141
7.47676862012608
5.629512423816221
6.284143518518518
6.174053182917002
6.398172017811109
6.471526726446955
6.669157608695652
6.945871339414306
6.146844238563983
5.678575612041701
5.896654719235364
6.011535446298578
6.050612433556736
5.896885570978654
6.041772444034156
7.186421040435639
7.774246128769356
7.704876649454962
7.348721430187825
6.830829756795422
6.638665912945167
4.719425287356322
5.443191068728922
5.83787512935495
7.576800283788578
8.643330619839515
8.696921862667718
8.016089825211251
7.936801223961398
6.471782518926359
6.824113638988336
6.967248908296943
6.856160458452722
6.545912391660811
5.990075890251021
5.351313809468689
6.240154259670446
6.312012838147639
6.26969276969277
6.11177347242921
6.076868746321366
5.728498962416417
5.675637888850052
6.180425631431244
5.75538444370048
5.595850144092219
6.7042884071630535
6.24192439862543
6.1023113927021
5.648191094619666
5.8277720444903105
5.084980471061664
5.783855672487568
5.816750983698707
5.497022000729306
6.466483011937558
6.205532693187014
7.50196123673281
7.037461952704285
8.07350759045771
7.523440212987614
7.152008431900691
6.746569178852644
6.063031976075455
4.924117647058823
5.519717003015542
6.245903544450901
5.833728090952155
5.348713807820971
5.376603685560998
5.976526918136167
6.091286307053942
6.858741258741259
6.44370706717895
6.6423551100357185
6.678595851379074
5.746780128794848
5.585257649869185
5.07039627039627
5.26010687732342
5.13627971382414
6.922288058340929
6.297055057618438
6.406756448299475
7.150246884552081
9.171351918814883
6.443987197073617
6.066557683325549
9.303464203233256
9.590006844626968
6.655481766282186
6.810520094562648
9.908283341024458
10.009079416159063
6.820049013887268
6.296704558502698
8.299618099756973
10.053418049182257
9.353771960041337
9.987454988965037
9.315060588574726
9.294770568714956
9.29360566322386
8.36920949527541
9.150028587764437
8.91469474680549
8.21649004308839
7.254767614479845
5.719903691813804
6.841516034985423
5.901947463768116
6.5225647638026025
6.423549684089604
6.4261271676300575
5.26821651630812
5.584511940644563
6.148817802503477
6.78719703119564
8.4951536643026
5.701861943687557
6.198289997657531
7.967881842691361
8.501099664313
6.863413495213635
4.956776385147007
8.01885694331277
8.404852521408182
6.721425211665099
6.478664831383345
6.212878700610529
6.318674840839424
4.742133983513294
5.767460684551342
5.875118147448015
6.5581636175353815
5.02691936262675
5.604120332435913
4.978407877565547
4.717931034482759
4.8816793893129775
5.329343365253078
5.420405294599977
6.05322966507177
6.441272051996286
8.198550557920166
6.7283298097251585
5.1579979241148655
5.663368669022379
5.237258552478473
4.725067689530686
4.967820916404337
5.249286733238231
5.333371143375681
6.1315604498594185
6.669539895165987
6.753633217993079
7.0553527264162055
6.76173200702165
5.924333522404991
5.241474021515221
5.944560669456067
5.93863508178229
6.2044186046511625
5.572949572949573
4.927605502448123
4.90906954887218
5.640320868231686
5.422740524781341
5.431678486997636
5.9968077559706785
4.637759287472167
4.852631578947369
4.863321385902031
4.5405436802973975
5.599386937043151
4.819725141471301
5.44811431248536
4.89869585468095
4.686702881435994
5.952474560592044
5.49277191372189
7.111201771768271
6.670163037281952
7.6241735297529285
10.404319205450976
7.960788707147659
7.4528674251218945
8.05449785816278
8.665876242095754
10.639815349105596
10.460025903685388
8.208434151399931
7.191892205831107
7.8390482855143455
8.79058423142371
9.650270083898402
7.867614497144855
5.757199772339215
5.985559149722736
6.805780754317942
5.91743119266055
5.537517369152385
6.012348639251888
5.596663619744058
5.5840472331558235
4.595354377605718
5.288688801350591
5.496273363146428
5.995483497394326
5.713659942363113
5.908676865584491
6.8154698738356325
5.570485346924592
6.394937302238369
4.956267539756782
5.159075063908901
4.908714674234362
7.278176048889411
8.118152903757805
7.036553831687823
7.488080905369612
7.06401640277936
7.3313732272570045
8.14604462474645
6.637442396313364
6.620769856960112
6.398629148629149
5.983016304347826
5.690005844535359
6.895232558139535
6.936558009113214
6.294938314308775
7.696743635287152
8.246459252379847
7.18733294596165
7.895577680018523
6.171140169763707
4.585652730872249
7.30394349617422
8.27730520585233
8.097843359818388
8.264137770537584
7.262805722196585
7.346907093384285
6.685921421889616
7.32877512856475
7.575583361515049
6.178130929791271
6.907415990730011
8.897216274089935
8.453755215577191
7.7496222248053
7.749740034662045
7.459077641564507
5.759599908024834
5.512020342117429
7.58102207010504
8.701380762930025
6.702196908055329
5.966155660377359
5.799467715806526
6.336580839712363
5.855449686265397
5.063084645220169
5.3964218455743875
6.0735809390329365
5.908779931584949
6.50429110882252
7.014967589864467
6.159581801470588
5.527990841442473
4.6976118005151015
5.076657458563536
5.36060709802579
4.912911155331851
4.866148926450434
5.002169940612152
4.666865885727947
5.8489667982354305
6.409822582540242
5.571631038148104
5.607534246575343
5.828187134502924
7.237819983484723
8.010688974090856
7.9491312299954275
7.961511546536039
7.021171326659763
7.950955265610438
6.6896831844029245
6.981441665723662
6.731249270966989
7.1338807568725455
7.548086986858937
7.9336688014638606
7.586275659824047
8.383197894013964
7.957859298815881
8.520773638968482
7.432517482517483
7.4294110732338074
6.494182559673743
7.106319532056428
7.7777523722419115
7.488489546629082
7.1185901214193095
6.607674684994272
5.704730831973899
6.369216568593516
5.902881414303754
5.762476459510358
5.3296766743648964
6.815361198922843
6.236737089201878
6.11623178583531
5.581201527954624
6.12219570405728
5.62734276187191
5.433962264150943
5.73861759849021
4.9826920827973336
5.115708194076293
5.853931247769716
5.3932926829268295
5.997357840321654
5.717486145501709
5.832436763191026
6.191007319623562
6.500059122620314
7.165474974463739
5.898854069223574
5.578135949544499
7.0821794438815715
6.513849632560769
6.082589285714286
6.18147120055517
5.812982820246742
6.484066061874855
5.21410463240378
5.798158640226629
4.767160004661461
4.580810965162764
4.279132473622509
5.1078128710520065
5.135241172397877
5.032220676866018
4.395963649238759
4.571005917159764
5.040114942528736
4.430996395767934
5.205685808132292
5.17316674451191
4.4823832377385
5.72837510105093
7.37513013302487
6.864591896652965
7.137293652638921
6.1747864234587855
6.303752302025782
6.012337217272104
5.913017959854443
7.012876550502067
6.3505447117566955
5.7472067039106145
6.326754904277949
4.990193842645382
6.673991396349262
5.975830456006667
5.202612931798051
5.248396501457726
6.143829076151826
5.983216148786573
5.713785046728972
6.039400731390822
6.6503844414292175
5.215255030416472
5.2747600093654885
5.865520845430264
5.779659051374232
6.0561006579706795
5.378985589470101
5.901305728737795
5.9435777126099705
5.35125
6.438594456685609
5.605737316263632
5.585035601727559
5.879149913842619
5.641379310344828
5.6150115473441105
5.440920540416762
6.153620467081328
6.783236665529398
6.004389511378076
5.4652956298200515
6.109373189665161
5.415006947660954
5.610215370130635
5.356870008102789
6.223068807877154
5.422477064220184
5.458153776366523
5.925747126436781
6.544140485007765
7.1674966047985516
6.138324127394523
6.2766910205043605
7.498134117380979
7.0021084690172195
6.496134764047537
4.9206132879046
5.432572369969405
5.3252416014726185
5.634140688376405
5.551629815363574
6.583649738965353
5.832747875354108
5.3663012117714946
6.534779533128979
6.106715311823053
6.222752678155566
6.282399812514647
5.733019733822855
6.088659075063909
6.277381648158971
6.383000927643785
6.22842287694974
6.204325554923164
5.875772906127038
7.61524631427544
5.965731734901606
5.4885193982581155
5.878951513106086
6.436640868661199
5.679795105293113
5.553697081554966
5.3220912591901035
12.810857142857143
6.7446018110053405
5.779133112269067
6.293875685557587
5.871833958724203
5.756983901515151
4.9880377271681615
6.080903538089201
6.308231992516371
5.842105263157895
6.499193548387097
6.28123163709014
5.987727220099572
5.670894914465262
6.3129115710254
5.551230218320434
5.797777777777778
5.819922013470401
5.961339316534346
5.795987402309577
6.091067285382831
5.432694554802524
5.77201166180758
5.722804949911609
5.743216020855551
6.087702573879886
6.185841760856633
6.271694684234439
6.231917602129383
5.241620927245124
6.716996507566939
7.171726429144232
8.385585796051863
10.694644935972061
9.710507757404795
8.700401986285174
7.797344514325647
6.691817967460505
6.047144677400672
5.848061836640517
8.0935960591133
6.957845975680371
4.140761439049948
4.659114674102475
4.782959124928037
4.773411467310123
4.2959159859976666
5.050261406844107
5.448505371321812
5.325311010347634
4.775792711784193
4.628548806696075
4.772446174988548
4.513551732264907
4.815960726110286
4.7405130630098125
4.697177276485178
5.34636213797975
4.8051842380564915
5.002602934216753
4.814131569787678
5.84021101992966
5.95480894357033
6.05129083847384
4.835545636085986
4.550612433556736
4.746838353644516
5.8661435765312095
36.52088069881536
5.177909225344102
5.608975861260839
4.412409610450198
5.359776666278934
5.9283743389284895
4.953811712030164
4.962356419879449
4.672389296708501
4.883896012233855
5.417008196721311
6.382237146827235
4.155945192754296
5.521779533046812
5.427236157122574
5.075163011262596
6.101572510192196
4.73802654356607
4.9849860335195535
5.055472436413857
5.60878196893612
5.4818903070024145
5.595221764974851
5.700070077084793
5.992138918221284
6.460946473696302
6.3049853372434015
5.983219097140156
6.063581813985691
5.993928779918272
5.6972412166941755
6.155865085760332
5.989894186184758
5.349380696424398
5.572269683675826
5.808804437625398
5.882497945768282
5.832667503709622
5.5160767985195465
5.281686804074864
5.1906665099329965
5.9595596755504054
5.554355566104913
5.279727545601478
5.762601046124584
5.266977285963891
5.379326257498846
5.166956925577615
5.508596654275093
6.971028037383178
7.312478316179021
5.825995807127883
5.742890442890443
6.481178396072013
6.565146389828532
5.657205492096458
5.474321306851569
7.037037037037037
6.352941176470588
6.125260960334029
6.47205707491082
5.505580485559775
5.6403704137850195
5.293620470070627
5.505498321564996
6.056139949691287
5.677030976037405
6.086474754397989
6.341440815381052
5.801128512206357
5.688357731015554
5.21124143537336
5.475744975744976
6.748497457235321
5.378004535147392
5.116521943205821
5.0135777325186694
5.124725211153534
5.550976398706122
4.9935832489023975
5.198481187435278
5.674656737258553
5.311501967137237
4.916034100198528
5.432928254265015
4.489725236665897
4.568357998590557
4.849383000807289
4.622870211549457
5.488431577723521
5.214932126696833
4.580648939908633
4.845377756921633
4.654054691183404
4.966225626740947
4.582815613644356
5.214379868184541
5.726163949806497
5.3557601510859305
4.460421378407332
4.428881774525498
5.148831347387718
4.947938504542278
5.757033830732429
5.377631129821368
6.415109761793555
6.026785714285714
6.078881278538812
6.176443629697525
6.770497388144447
7.120323905109489
7.195465824498083
6.903389830508474
7.7272727272727275
6.863440616500453
6.405196781909111
7.6105298308103295
7.581152993348115
7.670085097097971
8.601637711629966
8.40496414782129
8.348050273928456
8.2965848452508
8.853352260318847
8.701017675415104
10.461546817293069
9.918930762489044
10.315231226134918
10.030765966475705
10.419725738396625
10.345066722706735
10.083688245315162
10.589161208535812
10.23798076923077
10.369309303052402
10.956042803189257
11.082325969153814
11.524401713867698
12.799576495500265
11.468718053567777
11.526049204052098
11.718911649079248
11.637799393368894
11.91416572774762
12.352340688801815
11.897385298470645
12.571632798938017
12.994035989717224
13.05876423747606
13.689982988091664
13.857517658930373
13.403430052846744
13.197034308974608
13.581720750223282
12.665759813447337
14.034106412005457
14.03213252170442
14.029654036243823
13.58897194447141
14.60989825150647
14.827667834485371
14.941005239666215
15.248763600395648
15.244749124854142
15.387794329649207
15.16214610968125
15.642687220477686
15.095594586812554
15.354841849148418
15.747916666666667
17.486739912862284
16.33790040631201
16.035203418168308
15.294286242603551
16.746283066229
16.868303571428573
16.505830094392003
18.53063113085323
17.805062823355506
19.150374531835205
19.494078947368422
18.925063428778543
19.776336369491215
19.63284846252992
19.777394775036285
20.24584506402688
20.557331608611292
20.180892857142858
20.362924986508364
20.008203445447087
19.598355471220746
20.0469171310444
20.25902853015529
18.562028239055145
20.168164200140943
20.236010385889514
20.84473034896017
20.899328273575854
21.03817398188055
20.615904042647713
20.38703374777975
19.823924129909635
19.37976868634559
19.348502152332426
19.31777504825408
18.34894879176481
17.992237920809348
19.687417335331983
18.165726495726496
17.425806451612903
16.717748043423377
16.00671426143124
16.099203659776347
16.137816131237184
16.047759433962263
15.658348187759952
15.518638573743923
14.816796478157805
14.307005725833614
14.432235353281367
14.626481883452998
13.686480186480187
13.431214461512349
13.129276616998252
14.130301524188203
13.268630559959943
12.175424413904608
12.046196539340515
12.604274446611823
11.672411003236245
11.77846688166708
11.113190658312313
11.09623902714021
10.537724356371315
10.044223237597912
9.85875202593193
9.157014157014157
9.371900147807521
8.971458518100459
9.544672563499148
9.32765166814767
9.039074385459203
8.442774283146802
9.290444426585228
16.33328078196437
19.387759961898713
18.909772088666873
18.87895027188904
18.55205193600742
18.873794148130433
18.62597019559143
18.73756862745098
18.756318108045445
18.928966430407353
17.940790977672787
18.247964642940218
18.053571428571427
18.007537881701406
16.886422262174626
17.873818957634867
18.61171990362944
17.00296690756942
17.276917264828107
17.739498360905696
17.677685313607643
17.881644550126563
17.234100135318
17.685166882080132
17.42375421506182
17.29011649755731
16.968960760269773
17.616292885786425
17.789418228343493
17.525882264036877
16.70568290705388
17.30586217183771
17.549122939095085
17.418358208955222
17.588812853317464
17.197902721999107
16.625855345449196
17.05425219941349
17.55858451536643
17.293647912885664
16.754213891310666
16.437360511828597
17.125639152666178
17.148936170212767
17.56077879774948
16.757420379865675
17.281703424260012
16.33702657687016
16.306451612903224
16.525476327944574
16.034153005464482
16.123602705589178
15.71062482004031
16.442331511839708
17.61481859245228
15.680398530243075
16.477429171799145
15.897039078510353
17.08157894736842
18.120689655172413
16.023330764380297
15.836077206925916
15.716928769657724
15.901007415698894
16.791660797295393
16.093922651933703
15.760500203887455
15.847120418848167
16.14708570625044
15.837016763599042
15.782817869415808
16.300709904197394
15.304196282121378
16.17769220189795
16.811539271425563
16.60930520239159
16.12866817155756
15.414793878395146
15.53100616016427
16.112819814915625
16.104048638938785
15.937448104068642
15.712703451070439
16.663864397512132
16.693444947006007
16.706336201010515
16.517571006120626
15.909318705133414
15.943288590604027
16.35824493731919
15.734583901773533
16.1452056679048
15.614260102054889
15.89407356948229
15.39391686380534
15.579671070369372
16.2668667712668
15.805247225025226
16.50819560633884
16.36799344575681
16.204721176873075
16.04858104858105
15.30536638518115
16.182857534059014
16.013460881448584
15.427451768488746
14.886796246648794
14.664441871552135
14.642305325767417
14.60909274058156
15.072463768115941
14.920987654320987
14.222689360547909
14.515501477967966
14.71072692621835
14.998761865456046
14.793976069316463
14.330594227504244
14.880331347983843
14.731882098431585
15.223175675675675
15.045692625775327
14.359545979745803
14.712337922737602
14.998102338190444
15.145300324115578
14.537325456498388
13.960504030892215
14.793443972020299
14.897702555736814
14.888522563362868
15.168025078369906
14.296495584988962
13.970924817032602
15.455271675504441
14.843030755652116
15.199522510231924
14.025467596107392
14.497079164708252
14.828508861972217
14.87093208042562
14.568798581753716
14.546788615111597
14.453553422197665
14.333536461507212
13.953216374269006
14.16731623931624
13.513011152416357
14.539630836047774
13.997680922174476
14.19123070618768
13.624733475479744
13.709730395511153
13.84108951546674
14.565127782357791
14.104353259737554
14.033937263385614
13.7068871276305
13.95911449325493
14.448817821511549
14.70906200317965
13.61003147666621
13.125835949228879
12.45518274008031
14.229583447519868
13.831396520454087
14.076959619952493
14.130335838907662
14.394292769927288
14.630874785591766
14.012802863436123
14.005236670293797
14.137408279108405
14.43436135371179
14.372367255129166
14.748490669593853
14.247739976537162
13.286971951136286
13.848857162468255
14.390690919150702
14.162531017369727
13.880566664407239
13.875500345065563
14.040019286403085
14.344150065037311
14.666941750911217
14.242283211279172
13.667008336750035
13.865571065117239
14.27231042978374
15.06454015982663
13.82576070494286
13.596677150280323
14.25956681198533
14.210035005834305
14.69012048192771
13.969966246469657
13.392906526548673
13.648391022174149
13.734357619577308
14.42092812913101
13.96000550698699
13.296159628262949
14.127096819099325
14.089434219495569
14.379319636241158
14.121887105700056
14.172157133011716
14.363205603625875
14.860787576261785
14.806688361143806
14.92497961402555
13.882963270388048
13.95869191049914
14.491759556862476
14.913264950108157
14.415178265927599
14.579067515218595
15.09584287598029
15.542370544025374
14.568044459881904
14.55227771679473
13.796618291347206
13.228567477876107
14.637106745432066
14.715579337312205
14.618494294461453
14.07914409162609
14.730819245773732
9.57355115836913
5.8166907863000485
5.048203833352462
5.111373567969765
4.928604814208927
5.009881650005745
5.260071942446043
4.9233761640928915
5.421119740350064
4.857792130127975
5.1527199142959175
5.578536815979199
5.20334679746105
4.96328319317778
4.957767722473605
5.302447137087194
5.559494269171688
5.318622300058377
4.789966085837913
4.799407231772377
6.6846420323325635
6.797330237957052
7.705419892793329
8.338053495167454
7.676393179997711
7.622250970245796
7.590835266821346
7.072867853795689
6.220107079119572
5.297431744562703
5.648287385129491
5.786960622494695
6.465097588978186
6.0428769017980635
5.63969447428094
5.141422398692047
5.35851026801253
6.3575353677072375
6.039709499824294
5.230091613812544
5.085751510126732
5.1959102127159476
5.84306784660767
5.194840381670397
4.569371879716707
4.736217725052338
4.91500904159132
5.145797201988669
4.683845973233153
4.311849339103989
4.929436181252162
5.726592205323194
4.306564077903342
3.8527571825764597
4.2388702728578265
4.683566639218915
4.790983606557377
5.6012298959318825
4.756683864915572
5.099625380472957
4.608329433785681
4.827443074003795
4.0140138999658195
4.515665796344647
4.85633836568416
4.77931195881114
5.441549295774648
5.079257191406724
4.835935679328828
6.223146223146223
5.287728026533997
5.478250674170477
5.628778001659358
5.282835467045993
5.414913510986442
4.821553127179726
5.913902611150317
6.229984761458211
6.092879617760167
6.102453773694616
4.787453617810761
5.679036761284318
5.740814884597268
5.157114509163067
4.559151009046625
5.942713927676333
6.871469261808687
5.285731229984581
5.887778174461502
4.941921497033318
4.846646884272997
4.865561044460127
4.844797985578574
4.911809016108472
4.686704545454545
5.16850194998853
4.850767085076709
5.035102233778513
5.868848626534191
5.02443919716647
5.846497414198401
5.504263240062447
5.019277953031896
5.250241080038573
5.308946932986645
6.035528295336188
5.856125189769941
5.586745751112125
6.768742655699177
7.582300884955752
7.002801774457156
5.935431613052534
6.610266159695818
6.083371718102257
5.6033681765389085
5.953869393446433
6.119484206790489
5.449370810302247
5.407274467575975
5.060374343757133
4.7137817497648165
4.479735988883743
4.874182819130635
5.603329035283085
5.035480093676815
4.8258834542476015
5.065310368743498
4.9108467789424095
5.257993512511585
5.612416695896177
4.634417220059538
5.375871926815323
5.147103216068733
6.166568638983649
4.8316831683168315
4.333100639906923
4.180499882103278
5.8617829993089146
5.395087719298246
4.757284961966062
4.878634639696586
4.399537037037037
5.170242537313433
5.791661827894553
4.863514302393462
3.995911495911496
4.019733769266698
4.934813753581662
5.933450911228689
4.76041065866882
5.667432774074926
4.994301317820254
4.776671741421712
4.611290322580645
4.604396896308488
4.775221858944419
4.469352813605753
4.313408151210869
5.09018691588785
5.322808235021975
5.086628112828986
4.260228189466406
5.438783799466171
6.236913946587537
5.7529950669485554
4.896364057433997
5.18738781859519
4.292181532239946
4.87401389379489
4.727593507410021
4.507327285415212
5.64194696360923
6.241899637384489
6.182768230376219
5.582344731332868
4.635597245309903
4.499942069285135
5.192059315953121
5.6301802856473895
4.825539776007389
5.004325967496785
5.598026547633032
4.973446196660483
4.595034642032332
4.394010294805803
4.7171113155473785
5.270454021663978
5.24764705882353
5.199393656716418
5.145811426568525
5.947626841243863
6.22648529240786
5.96068796068796
5.77631113730112
5.522447544250381
6.454886363636364
7.262929518001642
7.892438146126147
9.749415067852128
9.051810455233438
9.59983831851253
8.167527844758297
8.336283185840708
5.525786308973173
5.319351427564328
5.269008605446187
4.76817590731765
4.86694166175604
5.483659351145038
4.600881772827474
5.2384917881101085
4.559477124183006
4.866377287658376
4.464439529740426
4.405760726664276
4.693500998942296
5.11491044428937
4.436387066541705
4.379676028434915
4.369611059044049
5.127201796902707
4.96
4.659917598587405
5.877994882530821
5.5005273643501695
6.042715933160744
6.442591935674589
5.323461627103019
4.89195136074117
5.688536238749408
4.790952547510785
5.284853401321127
5.937433345183079
6.453085376162299
5.079020979020979
5.4575527626274605
5.878926851639532
5.991264313540314
5.928521126760564
4.572093023255814
5.621449616971126
6.005400328715661
6.396545687944918
5.9359501704078035
5.639962299717248
5.557609580281363
4.018053466034024
4.385748502994012
4.965445510227667
5.1677389705882355
6.380891273915072
5.08684456928839
6.110695499707774
5.526838496098368
4.521638241095254
5.113048566413107
5.127240977881257
6.29559748427673
8.487759600881773
6.371317464058449
6.453395784543326
5.883366084845683
5.057142857142857
5.137261738726174
5.457166392092257
6.319261213720317
4.694810495626822
4.8200305630657105
6.655369205683671
6.330629041740153
6.254719207173195
7.2281593568979785
6.496152052238806
4.905802208127789
5.739773404889684
5.919666628081954
5.818413433700058
6.7200422932330826
7.551776888679689
6.572790697674419
6.222183015760997
5.676426685038466
7.123268372857479
6.50433234421365
5.651834319526627
6.431309166474255
6.053314460957773
5.207633938836514
5.130676442762535
5.404931705548169
5.97891917074307
4.780280693478004
4.621229971724788
5.824722586803484
5.665210718923386
4.148817966903073
4.625043518625972
4.276770040959626
4.574370440103554
4.31421647819063
5.138994800693241
5.933496105104058
4.599081055607917
3.907488986784141
4.826399712264717
4.670961002785515
4.279094198669313
4.501189626457292
4.921958595022098
4.9786657237152285
5.4627273808108425
5.518023874246543
5.572400844872096
5.834435549367676
6.9607704956542165
8.082885465185717
6.061422413793103
4.775512554710896
5.050533807829182
4.647888980359873
6.7395543175487465
5.255588063194851
5.83699916775651
5.7936582501468
6.723928529720892
6.96928776290631
6.457373406619109
5.026615077969281
5.430506058446187
5.0673076923076925
4.993188490898414
6.3638724911452185
4.403076200540096
4.258283573352067
5.076556165036966
4.513065795613626
4.3772102161100195
4.5582909220026036
5.370527037841546
4.527098708487085
5.301697346402103
5.813648293963254
4.374838482321156
6.158682990609771
7.1917254131515085
6.044781341107872
6.960493235963127
5.207669959325973
5.4448172142526605
4.646934460887949
4.520070629782225
4.507892293407614
4.240470917356335
5.202196531791907
5.155671570953963
5.411666666666667
5.444678362573099
4.727187316500293
5.835255948089402
5.206520478013691
5.337119017267354
5.342074994248907
5.2837507280139775
4.608352144469526
6.547145226249704
5.502849977200182
4.935090571295866
4.982721893491124
5.680542563143124
5.919990777034816
5.621707806779261
5.9092764799274216
5.71440195280716
6.033194527067222
4.540264562543514
5.028661675245671
6.55089254048942
5.782387519782953
4.517155192001818
4.569853794383848
3.768
5.026947517062839
4.372244897959184
4.699007589025102
4.1502987935505695
5.667103382563125
5.398358950652953
4.697859690844233
5.194952756847267
4.915578358208955
4.275914456000935
5.890812092471844
5.1873965476471975
5.607734806629834
4.394231901118305
4.372609942638623
5.784709913742172
4.837261636858936
5.124827109266943
5.691927512355848
6.759840206791211
7.01411901983664
6.517331125044363
6.098826875222183
5.466635666124157
5.658478979688238
6.418203450327186
5.360159082933676
5.562409638554217
5.0349288486416555
5.119187411930484
4.551597197482485
5.267631947687996
5.99823591673527
6.3974979346158385
5.987316500293599
7.334682080924855
6.843306897380438
7.327923627684965
7.30256064690027
9.156385652273247
8.661167971101746
7.098441439376575
7.075656742556918
6.9222581030977155
6.896891845395114
6.624867413081909
6.706062750648738
7.583898107034353
6.7834544176236236
6.983467170524327
7.417426428159262
7.262038335670875
7.6551155115511555
7.202077322562031
6.774646253769427
7.200627323420075
7.38175872941726
6.782727814175105
6.3095294960592305
7.104111175448755
9.624208222964413
9.913309056736756
10.264753157290471
10.839384828862165
9.958616647127783
8.966373755125952
8.774162793469193
9.057329293870893
8.646074498567335
7.953921913471685
7.305126987894612
7.865290980755854
7.219838523644752
8.766467780429593
7.828222273460917
7.652996845425868
7.346199244570349
10.015949337398851
10.31779512877287
7.8687761749651
7.160722503451449
7.326449190330909
6.765786044307546
6.747761367600884
6.708898944193062
7.06479633759831
8.722730471498945
8.344583431673353
6.647803247373448
6.779088785046729
6.237382075471698
6.7824463118580764
6.899641577060932
6.868699952896844
7.260602480803308
8.314615736505033
8.628178455848358
6.567029621824142
6.5356011730205275
7.177274870344177
7.598084979054458
6.686891209951884
6.725578102878717
8.854285714285714
10.242674858223062
9.280787037037037
9.982938280087026
9.819285547513426
8.322077617540158
7.88232579603138
9.291352093342484
8.595844034555219
8.079919962335216
9.359810929213742
7.36181199389743
7.717014295758144
8.178794414803042
8.304987735077678
7.341910060268892
7.670184077852034
6.891805980692253
7.63548425150407
7.531633835457706
8.390612197120449
7.824037892243932
7.45410572382817
7.657724438169196
7.9100667938931295
6.639426934097421
6.65006475921347
6.565579623899072
7.067580013815335
6.8013159440723765
6.503011692453053
7.114285714285714
6.5681521093285795
6.86947293951185
7.318833819241982
7.82977475363679
7.480221986066832
8.021457725947522
7.226154206702601
9.29496402877698
8.718516843771196
7.375219375219375
7.0042573320719015
6.344739884393063
7.025125043619868
7.075451263537906
7.014601057714417
7.218528159015618
6.886643026004728
6.6355161437016825
7.161853049907578
6.793844367015098
6.850179876987351
7.176932855656998
7.800871408384362
7.018843930635838
8.559482559482559
7.873852671216757
7.108888122341037
6.883563218390805
7.36331857375903
7.056858892869525
7.497504159733777
7.395654726952437
7.362770160353242
7.409554291133238
7.651502250334509
7.050471372729363
7.240465724129738
7.675803963450813
7.215443389673536
7.2850489054494645
7.113068844807468
6.843303874915024
6.63436632747456
6.882483112042861
7.209547500592277
8.066288098273265
8.894559865497778
7.5205768554344
7.318505123568415
7.381803220876925
6.4628591049559345
7.162180735310961
7.64364575992483
7.998612074947953
7.347204006200071
7.39726350554376
7.289896128423041
7.349497546155644
7.088815008311565
6.885021464206985
7.084454322142941
7.873510324483775
7.403172737955346
7.134259804498881
7.987560715555029
7.415421466864378
8.138306593277902
7.832176729123294
7.579105512539003
9.062100244214443
9.03454671922096
8.13802654356607
5.670315593338768
5.59410078815381
6.235897435897436
6.708888631359369
7.591429935545476
7.48268116798676
6.509914349407485
6.085724576779926
8.072426035502959
7.393555141926478
6.717987984450465
7.629096441947565
