0.024001146493920496
0.025786463980195736
0.02475031004718282
0.02572180260840968
0.027985850117775792
0.026582119432612933
0.027787021260207365
0.02610634395429495
0.025729528891239056
0.02611572785112117
0.025559398501035745
0.03274066447873037
0.02835426586995018
0.025816362065154416
0.027517673468799974
0.02361563631992317
0.024947503696627207
0.025846179349758965
0.024484233980843755
0.024194279759718922
0.023283788169769448
0.026285879553466483
0.02683877146035536
0.025063095683836346
0.026909201515630136
0.024767339621962904
0.023745624258226714
0.025933370377949804
0.026010452180703064
0.0256767102390081
0.028578693523994465
0.028996443585712822
0.02795835358018453
0.026106200730938653
0.026782209762686936
0.024486904013140437
0.02323277457523536
0.022890970806629832
0.02368740637513887
0.025899022364330348
0.026919801174280715
0.02802876800363763
0.02691527135025992
0.02419518068469658
0.024337104703304326
0.022734073948675347
0.025134586795143115
0.02617967851191066
0.023155686238857297
0.023359577269759027
0.025535258342048343
0.027520403312506336
0.025826466905437388
0.024791459854446984
0.025774795159763064
0.02426464188694046
0.026137826118054885
0.026173510577174604
0.02833954936052473
0.026101978668594827
0.02582742262877755
0.025096708405616123
0.02705172021383039
0.025577235142006122
0.02576408123603825
0.024207307366954974
0.02700397892858967
0.02855255550340928
0.027041217499828466
0.027502271956680004
0.026980586204426397
0.027091909504737954
0.027500571233522352
0.027991185918108324
0.02819754703750292
0.02728847133116103
0.02652032055161923
0.030327302281982507
0.026512008554292057
0.026171660431946527
0.027289239422833636
0.025267288835121755
0.02777572019719144
0.027732299396464693
0.028758095970657028
0.03177954172337295
0.025912549559288484
0.02729871887007327
0.027560060113292806
0.02656320663619453
0.025787921890834686
0.027887689922716064
0.026859437233992315
0.029217229907378028
0.023771687521831387
0.025837621446693156
0.028664576919363617
0.02657996206673639
0.026750812967992955
0.028386214233772796
0.026019539093161775
0.0252564838406852
0.025852129231004044
0.02445522076740344
0.027520678169575225
0.026075760117018797
0.02563592685437699
0.025628349688639668
0.02511397968542699
0.026232189559799633
0.024827317290549385
0.024964294137964815
0.028097067112234766
0.026536920090621512
0.028631643564780776
0.03247073157434135
0.029010020243189917
0.02867466704919047
0.030266085890428868
0.03050967341277457
0.029604825360663566
0.02924360596142508
0.028750759873369492
0.026716152514528527
0.028084130549782114
0.03218807954057045
0.029732632815601005
0.030441791890769797
0.03133173964504734
0.03310373007721951
0.032031952812645356
0.02897547314835554
0.027819574821633452
0.027530960996912202
0.030566022274541683
0.029700623453617604
0.026918689183854237
0.02723492007561405
0.027048374155797594
0.024079191219283768
0.025534662323618455
0.025569336300838057
0.02882986451715703
0.028614530612465303
0.02745998475333211
0.060064877194983136
0.0694120347852926
0.05796268907108284
0.05330043822179999
0.05621065391833758
0.04409822814336409
0.038942796378989224
0.04177060558336816
0.03973851719314787
0.038113189468017054
0.058820522634259895
0.05903533788310605
0.058556673148215325
0.02931225446541831
0.025484140655049087
0.02643489681618075
0.033586206871117054
0.061753785757997524
0.06140048764542382
0.05821397574739357
0.06627925602874205
0.06510519955068984
0.0620551110913772
0.06425782970065602
0.06108965292055176
0.059144372131444786
0.05919824877143036
0.05281101837606944
0.06354228408680447
0.05909274020722349
0.055706617215096794
0.06395592645249011
0.06325137869049532
0.0577680551271182
0.059014716216555754
0.05229472939898752
0.06097670173204783
0.06449007827844268
0.06036204781319988
0.05292583254100979
0.054532209490376134
0.052570883560285525
0.0634390127555799
0.05788719446934677
0.05354266302506983
0.05854471919813736
0.05968427333663478
0.06284293478259974
0.06379472523869865
0.06335998650604688
0.06374913326407178
0.06004905057958703
0.06421735513586463
0.05903131808918511
0.06078866304984981
0.03725989630128375
0.05964347079961084
0.06108725833466671
0.05970423970143977
0.05832207779019921
0.062091761307112685
0.055515785122142655
0.05806345355181088
0.0544762969067111
0.06129268225107685
0.062496910749351056
0.05572068816146169
0.06133369070488616
0.06043147460707251
0.05566532498490554
0.058655082418070444
0.06601302158716603
0.050095115963714444
0.04728863336811118
0.055878847389752004
0.06089226976180669
0.05752422932324484
0.06378595563580564
0.06134722238528394
0.05937134456562015
0.06050709893036941
0.05754611584802809
0.054847201520540824
0.056681822018297016
0.06135335239231222
0.0582323437132193
0.048467957072652494
0.03619832051279094
0.037129966609338295
0.041563818596128274
0.03363906387576503
0.030430201744058184
0.030379566806091444
0.03208667661851816
0.031063980655766293
0.03152781068110445
0.031157535721311153
0.028381280645127967
0.030023026528741056
0.029208417357563413
0.03107830990860715
0.03150819337560838
0.02772054259660949
0.028354819602343168
0.028241175559291603
0.030132067841716032
0.03174312816497445
0.030124485897331583
0.029243167228261317
0.03120966520994913
0.025876749081191985
0.027641232935208773
0.028065763066656306
0.02879388313190642
0.03075290807982314
0.029160042477674
0.030076495442239965
0.02762944678966811
0.029410247838302036
0.02715323039938186
0.03144407354843879
0.028947682718839667
0.028746028459212113
0.029253568233921317
0.020685153504367844
0.025052521692997067
0.027996402446632783
0.027748441219464008
0.025871117248595754
0.02971938955806573
0.026517468379039615
0.025939893828699122
0.026810123193822907
0.02438207267023872
0.0276486112562358
0.025911791278338876
0.028159525144555393
0.027296038053344
0.027251171386866314
0.026760794255722968
0.0276045542540318
0.027519277762226527
0.029103529991187153
0.028541976132667384
0.027393512757972503
0.026896764926563857
0.024801399867494755
0.029470726715883327
0.028945194619263537
0.02802086042650112
0.027352086435553466
0.027190515095759177
0.031004076460163198
0.02797381903501494
0.02797367066034464
0.02741295267254455
0.027099020292916786
0.025116740937802515
0.030118031459408445
0.029954765268799727
0.029538757706157596
0.026131125526021808
0.02464133682071216
0.02572162109559423
0.024676991315300843
0.027035371679784367
0.02622969403961323
0.02985381875157805
0.028615597695921695
0.02658473373093804
0.025728052016086755
0.029346533846363418
0.025811008984976343
0.026987530286756666
0.028432761052452238
0.0262387411279931
0.026343237031468784
0.028057169307647543
0.025161065931807523
0.030423553934702245
0.024571076469636126
0.02649978669794263
0.02455703874304225
0.04213709772449697
0.03270604618295552
0.027842078680610408
0.026833533538023202
0.030813617785232505
0.02864214230125488
0.030650086874968757
0.03009730913054016
0.022280181246163742
0.025552748302912546
0.025447272964214243
0.026770774986078077
0.024952448741991512
0.023481891690550087
0.024606019733390456
0.02380067046566744
0.02434949539214183
0.025581182294207964
0.02666010430991191
0.02355236147467643
0.0281646546618322
0.02577022700175178
0.02477360181083071
0.02450235611809528
0.025466013497575518
0.024469171703772923
0.026899042743062377
0.02369630553194945
0.02470904258689444
0.025819581572239413
0.033219190354981616
0.030647331203921425
0.027888776694020713
0.026164769609100375
0.026577774205649624
0.025679386652474816
0.025563863755050556
0.026654827811282204
0.028929903872592495
0.025313913480978247
0.027835502621914265
0.02611072922704765
0.02661284692672456
0.02278386408999359
0.025463171595020363
0.027211867323721627
0.030531464105051562
0.02608922683444275
0.02714908320065428
0.027389579749848986
0.026404679445927316
0.03403424049318453
0.027180106758285145
0.030256425695559176
0.028387807977983674
0.02864212257403522
0.027541397976240296
0.024854418573806866
0.025642794966068694
0.026480109344851708
0.028849025691495635
0.0288232107803737
0.027828393770383656
0.028934186510406173
0.026160117636145053
0.02770808719736975
0.027313878018225147
0.024852895003839626
0.02700881916449042
0.02284703126078066
0.027812075108191114
0.027306405679743045
0.028916915357768174
0.03210723430570762
0.029570212058166297
0.028026524150141292
0.03297607518473537
0.025180337173498726
0.026573884351867496
0.024622475830674624
0.024917148163093344
0.04105247738711741
0.060623590304726575
0.056948481452181995
0.06845665881464084
0.06239045241138582
0.065337755124949
0.05026551395843666
0.03414323215637055
0.04225620694108124
0.05530012486013971
0.04112618608356375
0.04342461508409396
0.041751239083294825
0.04477072202063629
0.04408106618441142
0.04394371287967685
0.034326278990333865
0.031773475254577764
0.026025511397500388
0.027807039788513257
0.027343242614076585
0.02847814026729102
0.028639682147722036
0.02969251920499333
0.027127623351808555
0.02752549266007484
0.028160596261651065
0.02750479123398049
0.02699378038070487
0.028232307211881913
0.026596791005678633
0.026343948079357426
0.026560738681113673
0.024717754533372174
0.02507120721668715
0.027794112170702896
0.027337504475378298
0.027027497657453103
0.027435746461108593
0.028110096321861264
0.025220374532185834
0.02453347711934334
0.026697441116409183
0.023976261560084925
0.02466872121279121
0.02390678306594478
0.027688608082265
0.026822498294084455
0.02430332706928418
0.06266935339415317
0.05600629533246268
0.059954706219131064
0.05932354021168981
0.030373879707680775
0.05946931095435423
0.05088712646541242
0.034496651028141104
0.043634889409383606
0.0277581899033072
0.044381498569687455
0.025535890272941585
0.038246840948161234
0.05602410979496762
0.058743656666387714
0.048906461746745455
0.045248622468369616
0.034547970612915736
0.029205796259134168
0.04235179819169977
0.04715413512428655
0.04479093403141539
0.021672810265746235
0.04401411850255917
0.04833926592823917
0.04957927884820932
0.06646424970684559
0.06435275103015015
0.06071787494091823
0.0561152727123198
0.061728750218942655
0.05436166744939533
0.059586845953507314
0.05666696388821683
0.05530714767151362
0.0517416982535443
0.05567816961763635
0.0568157593430157
0.06181532388174707
0.05168594089065372
0.04676045297955761
0.06095103426916023
0.054955426679559605
0.06291282851633019
0.056630299221464016
0.05713647910466065
0.04717324363937802
0.05493027022383135
0.05325925243376444
0.049959461867707625
0.05165691509286904
0.047485819648378634
0.05344675261988976
0.052795636551713675
0.05345602714669163
0.049189275996286495
0.05293082199838486
0.05210730215063936
0.06094371084158988
0.056741622174306505
0.061800923879185836
0.060282915321988075
0.06296439801266959
0.06153457874168322
0.05779433289664311
0.04975136662727137
0.05533186345703388
0.0334698491339302
0.0589203283497939
0.060026520154413635
0.0659518160274588
0.0814323034438295
0.08699793129568333
0.0802918023514975
0.07585663359441867
0.057871198193568854
0.05297806626567356
0.05950349410073811
0.061416629376359104
0.061472226554338726
0.055551035472244784
0.06177830661056809
0.06424507265127848
0.05729373524579846
0.06244075717304812
0.06185192599334104
0.060557790836530546
0.04235245034405242
0.04697520171396645
0.05604783936938231
0.064163851186008
0.06444893001244041
0.06358745184157272
0.06201292278867843
0.05730771153719803
0.05314959742615165
0.06286165211748228
0.04994920197851099
0.06183184757532821
0.0599267790807387
0.06599881875731728
0.0648660475444691
0.06827350341003276
0.0633171461682035
0.06441078085343113
0.06504362618764936
0.06190330295751446
0.0689061392597781
0.06612483922161107
0.06388787549972032
0.06645856502068107
0.057744196685995
0.06803722485537249
0.05696567103391595
0.066110832636495
0.06554898723869622
0.06482575128256436
0.06316554584881622
0.06248834722119928
0.0599465408153023
0.028758388816567428
0.06032856042383946
0.05828749697630842
0.05855551653549412
0.062284598784575984
0.059461159774522244
0.05700555381342403
0.05430772355787515
0.059580309095460346
0.06239246267093792
0.037877115776464
0.052010845872179697
0.052226547126303424
0.04636860292000487
0.042738112369271816
0.06431924434440191
0.06502941606394735
0.05935540709009762
0.05056999302045946
0.035688940286007956
0.035613339623797584
0.045697671885379855
0.041723347283483
0.042267765283821514
0.03812416211884147
0.04014235463590144
0.0518541176137498
0.05364882334544343
0.054039225120414786
0.05466051807118712
0.05470036282556677
0.050522619267358404
0.06047676316531753
0.058434937980267464
0.060891598059855695
0.05619765264305631
0.05817283188764899
0.05845748993161526
0.04785776480420111
0.04581567276973863
0.04169037472248597
0.05454652491581705
0.05593762578350616
0.057954419078108686
0.034911805838315484
0.06041302053798989
0.04940295802725552
0.03893695157415747
0.04417877473119469
0.06711475780606457
0.06150042917666315
0.0639593626657546
0.0667052588414548
0.061321753653391604
0.06400286147933539
0.0406316016005688
0.057582562522810236
0.06655065692513783
0.04543766846119928
0.06524167270630396
0.061085249931189266
0.0640954429242715
0.060189964668941436
0.06135716400770971
0.0683931783900225
0.05927984885336986
0.05731641465624941
0.06169399002951686
0.06825735207364622
0.06676166778514063
0.07060116557434318
0.0664439226496164
0.06627389912402797
0.054970980342958636
0.02628354733222493
0.04510880875752132
0.05644690190376185
0.0604761999175732
0.06402614063696949
0.06595593768108077
0.04210796262589694
0.05988220308626896
0.06156202527520529
0.06656163483133966
0.06539629212320101
0.0562139653762137
0.06684751505263295
0.0659675173037518
0.025278209717837
0.06629413687268201
0.06154413296363688
0.05868112284887673
0.0619437861351494
0.0569019297790854
0.056054919503022
0.0639634965518689
0.049137477363311456
0.03330831495207506
0.050476489587841594
0.050396553455964097
0.06536529308548544
0.05970925145089415
0.05629631621249613
0.05510529404166011
0.047307408212202334
0.05376257952461617
0.0480590182987663
0.05578120100899025
0.06108823070700653
0.030095853390953168
0.02754096331657095
0.02955571690397873
0.03528273215053519
0.06474887003934547
0.06296265494355989
0.06658749494388622
0.06468043569597914
0.06249782744823006
0.055979736277072235
0.04310799234667681
0.045981598972485646
0.040887285540849666
0.04794804781170161
0.04696842438982659
0.051423279805673544
0.048802981751740394
0.05391378928008571
0.05063998844252879
0.04632719879900371
0.055929452250478504
0.06521970592764986
0.0699984541765994
0.06934999089699635
0.05764986203642466
0.07099613587648275
0.06780050098867638
0.05091718243466722
0.0658023562828965
0.06453620167337826
0.053695834304843815
0.05754017047099304
0.054942537231835
0.06028837263077261
0.06667396014068666
0.06316008996787627
0.05946529332168464
0.05857977040247417
0.05038584327132288
0.049554124658173486
0.06419444415775949
0.05429791971532435
0.06386468361027255
0.057264774991062056
0.06360532275284601
0.0232203586738738
0.06031773742025731
0.026066683202429934
0.049623093422360806
0.06647583942739718
0.07080059639679395
0.0696845692575284
0.06618738915582256
0.06657122316394076
0.06412399571638872
0.06862114680473422
0.06613001394256242
0.05384881196368163
0.053859322268564866
0.034468949505817234
0.0565994013921308
0.06090333733923
0.05863834855134151
0.056585865697974705
0.06072945434792561
0.05899218633741801
0.058685563128941236
0.0641894451350527
0.06552177574598946
0.06589080945668671
0.06403087063831743
0.06522531475086948
0.05690594343499608
0.06789845118421119
0.04992548017762516
0.03409687523553315
0.04897632557190831
0.058985893873899395
0.06910460777001586
0.06309588785414486
0.05651395454178762
0.06000336146320651
0.06612204275019576
0.04587085018297336
0.047900228101826633
0.03372522899690726
0.037878646129756485
0.03888833495254917
0.042077907110010034
0.0502276839726485
0.05750728753526215
0.05537136403876772
0.05981178912295527
0.05530723907054783
0.05520153904421096
0.05516489327207112
0.06596371340353026
0.025866984265927644
0.07542411014421536
0.08058640105018575
0.07096446533830952
0.07909984153852503
0.06636818242066371
0.06269470496438523
0.07198960869952778
0.06061197591051817
0.0564270356914431
0.07028482204549752
0.07037819035788628
0.026015250777152523
0.04739458724873462
0.05047167692095293
0.03965942891017384
0.0484968443365555
0.055759584593971304
0.05499187476835205
0.042285325034551416
0.05276404877308789
0.05216467663237512
0.04081512877169688
0.04341456580312818
0.038113412819760974
0.04945692380770037
0.04143616152591088
0.042204067464429444
0.0564236775865274
0.05921417951699763
0.045430032117526505
0.04249519291561635
0.05046345136376872
0.05015194827976468
0.04389664210157261
0.0653104998867644
0.05954472861750294
0.05339609822557047
0.05929757111341114
0.0601022955797832
0.055572329678886645
0.050225110254533585
0.0473556598725915
0.05482751334534724
0.05924389200463609
0.05968212644901304
0.058771593952518214
0.05898176538208437
0.0664316937913275
0.05747628884077606
0.04484751891579003
0.051654010418788115
0.044637719155581436
0.053563339065602004
0.048326973755505154
0.052746252731074195
0.05855371600009041
0.05423602604935159
0.04357327258194833
0.04582238593393308
0.04713459313441206
0.05061645488560171
0.03416442245596802
0.018555219942665072
0.026956545384748683
0.04199110520163635
0.03679177440319459
0.035756194500244254
0.02708250044474326
0.050908002661386884
0.05803863268759996
0.05520409159692413
0.0474647267585108
0.049612155973102215
0.061115720903172244
0.05730659720755531
0.05687681440715489
0.054578331067166204
0.06287333579399272
0.04788703524354226
0.0445101612458129
0.046921633546441036
0.05544647388125963
0.05120357154815366
0.0486106410640414
0.0545883829759214
0.04467244411283493
0.046251547865139624
0.04282673534378951
0.04661194365188371
0.04686165480645153
0.060210830759132146
0.06715238254177072
0.05349563575875193
0.05970665737273031
0.052887361799269235
0.04464889196671707
0.05586649214121071
0.05171948829479233
0.056416914972158505
0.053380186171877106
0.06042397615102251
0.061251346585797124
0.0529820748316842
0.04860599428690337
0.04481868840561687
0.0604886272885349
0.05364701156177618
0.06632387674685447
0.050021848861928765
0.06687264084423707
0.07337612883231102
0.0716654166867298
0.06978918848360897
0.062196709327448974
0.06653893528242726
0.06353374630362438
0.06244644416147011
0.0718031524858462
0.06414123005783033
0.09783147315910574
0.0937669661999875
0.10689835188794222
0.09439967484726479
0.08996931993215933
0.09412501823197318
0.07705453998383677
0.05946449909459572
0.07776685209763728
0.08848955774953061
0.08817163707578213
0.11326682485964353
0.12259122752088433
0.10726960970164444
0.08134345521935346
0.07463024051774121
0.07264374487300658
0.09489808257113051
0.10545316705097973
0.08926795111470923
0.12260821107621055
0.11409373418627963
0.08798466137119741
0.11354980741393898
0.09505512344899811
0.1171344589890702
0.10126196413729603
0.1176345633111946
0.11399231290458921
0.11201674987226948
0.08790052710010456
0.11296017384650064
0.12367675491718726
0.12036102130430097
0.14701414315474304
0.1440009531682902
0.13357276131548654
0.13894143245834475
0.12577499370058837
0.13124636500556555
0.1531779047694413
0.1601894152127552
0.14463426834245172
0.12956595402684903
0.11148817543247459
0.1321668128887041
0.13102681780053757
0.16458450904059777
0.18445717930532318
0.1578798768794815
0.1594679908805742
0.15086181301696264
0.15020260826693216
0.15815732684819633
0.17893360850678697
0.13434799341829412
0.11755145713757531
0.13291161954196906
0.13442820096909167
0.13546804595167086
0.17022219700732782
0.17507419296594365
0.17569896724377088
0.18463041884872952
0.1793154676687808
0.15409687384720192
0.17674573313081113
0.19104608656519279
0.21543032815591334
0.2357702979272964
0.22523833435047336
0.23414902584200314
0.2486380357525578
0.20412597414912206
0.151003091053998
0.16867965446902305
0.15635677035130358
0.17427550282668325
0.20694427902296178
0.17250055547749302
0.24090902827259505
0.22465983164937703
0.2303068845996345
0.23301761296883025
0.231254330764617
0.20031808718559804
0.14913866653500826
0.15969006350960155
0.14897753118619222
0.1639640736511128
0.15277833207483285
0.17664302845124827
0.17694933112568806
0.21122735601201276
0.2032246465219866
0.16508413149436538
0.16031844164868436
0.20831019665998007
0.19327094070164652
0.1977179841422702
0.16343235465406836
0.16546653533053723
0.18853256004295213
0.1867620307146914
0.18271154885572174
0.1882761999390408
0.15014414168079962
0.17529194532661432
0.15755450741941662
0.15379961982953974
0.1364673722469186
0.14157153443898557
0.1454209792462857
0.13922483786587916
0.11277775104785517
0.14996592513580226
0.1395383864347719
0.0955474270316719
0.1033918959015878
0.122066080550291
0.09582709514777243
0.06752991210963898
0.06851062172880255
0.06911831690768908
0.06386641744932553
0.06058438254304486
0.06471459642560748
0.22634593641433046
0.2363575319435012
0.26665656096131807
0.26979911952711677
0.2646487301200947
0.15461635103175303
0.16446159955708248
0.22503081779871287
0.25305359353672596
0.24137335986241393
0.11921156390378197
0.20991888346392423
0.21743727650674868
0.24805657637176323
0.2552745711877746
0.18495523843936604
0.254650062816227
0.25861137453646804
0.26626525702434817
0.24981691562980265
0.15190919711841733
0.2759852883059252
0.250547242512658
0.2472541215428321
0.2577918899856992
0.24107213857935422
0.24973938761556175
0.2590506218761039
0.2669938615247016
0.26105483089471043
0.24420491430234212
0.24244666218373082
0.2284527565428456
0.23231181341301074
0.17329493903283993
0.17593489601957038
0.15881163589597944
0.16396763860148617
0.17176646649180666
0.15411503889576167
0.18258331202875475
0.18537347075936444
0.18772382484863936
0.13896783820413258
0.15423044033357472
0.17780469770108406
0.1539325395833747
0.15157566801991432
0.22768659787343853
0.2524625858322834
0.13853019875824263
0.15206275173581935
0.13942588546267246
0.14772246888447357
0.16093067761453525
0.12420136071711033
0.2303419830556753
0.1992298050586054
0.2457798520396336
0.28265260039051027
0.15031302462812973
0.21762678006446964
0.21167148122866755
0.2276368207917545
0.19994152729630343
0.2259167099653559
0.21335365552115096
0.21015411969525533
0.24172429555479294
0.22831474806996366
0.22147476994367016
0.22669024598478218
0.2627680123073716
0.2659867371159953
0.2320411319120081
0.23661399587884455
0.2055416399219804
0.1975297752076918
0.12042230076927944
0.09065044364880559
0.15304381583429302
0.22264628539399606
0.25195174440621076
0.14872760470432278
0.2512035926559956
0.23186036746810942
0.1240916590925101
0.22757805090410052
0.2331996688176374
0.11236933678794415
0.16170150703162717
0.23425911224775897
0.21376117077014076
0.24994622075667908
0.23833364316700453
0.22041244567759902
0.20140746648757915
0.2663467234213224
0.26259752922359564
0.11664444506786412
0.11680325430359353
0.22542733875655155
0.26193635141615995
0.17035491170255324
0.21586608210967123
0.25007390059198664
0.23446935691706516
0.20571633183921462
0.19714475273271584
0.18425592417602898
0.19588683113012673
0.17928486243799788
0.24653235909222526
0.18219954474718006
0.2056630433729886
0.19215861883213312
0.13982533493131258
0.22157521731396793
0.18062539770526193
0.11620928163457815
0.27084994093591547
0.2644329965307483
0.20295029061982048
0.1588452310588168
0.148576461325818
0.15512084043366967
0.13562787624154587
0.10139360457729674
0.14068320775308196
0.1882654446974783
0.09682510458447341
0.06039525385027762
0.04493935659105345
0.04765421732774273
0.15343310138972668
0.13875700999435828
0.13253995308798536
0.13816031608901982
0.16235329654652947
0.20499474269323903
0.10794166342083601
0.10132152220223402
0.11209028736003042
0.15061960234854474
0.15802062198830996
0.17630172356325835
0.30707535816058235
0.2960543633567772
0.23121362049891314
0.2407468066337753
0.2533317250859966
0.2280322026304892
0.24796480068566096
0.27417277268343454
0.23818639234972522
0.3100430390914511
0.3192672250752365
0.24641732088719465
0.22316324436159835
0.21281529272261343
0.21305025301978314
0.16934106369868482
0.22971080007083328
0.20275896588085926
0.15307052881752037
0.2091473464418794
0.17967080290498158
0.20504285374388334
0.20553483149736057
0.20187619455058595
0.14719160471729315
0.16330616752169896
0.15087702146969678
0.16610813890414755
0.20549520752911848
0.20781371786859595
0.27729305206808996
0.13930871951519327
0.12027116661201344
0.11925713100962981
0.11719303448220142
0.13555382579326347
0.1719292973128468
0.15968846553698468
0.1947382494095841
0.21957322646902752
0.2357493951238418
0.20583379655531509
0.19701620372071402
0.19716743412356724
0.20008908892009927
0.1950133436603976
0.21545181381782116
0.1739977064975916
0.21406828424517405
0.17646630454536355
0.1730802493500085
0.22823296189663322
0.2535890299776357
0.1971103722259752
0.16361198554885056
0.14140786074450926
0.1589185995839076
0.14922951156545974
0.1333120023943953
0.15118604988514395
0.1502518081780894
0.1455817323970836
0.19366195169479822
0.179404306939219
0.16599311566567526
0.2271175768863267
0.2302799995793871
0.19280357741168608
0.23855078435570126
0.20453499326617514
0.12556633797288005
0.13551246783171372
0.05263944033628527
0.043734075613967055
0.04137238060039359
0.039112344602451624
0.03513069945421075
0.03306258710000604
0.043421408954461505
0.10068856596342556
0.1384091573983235
0.15321539002960402
0.14064857344935247
0.1180063474601323
0.04287058566633287
0.05123569988917554
0.04922260697643851
0.04220883033694116
0.039515661329810145
0.04624702911780588
0.04678822811308789
0.03958078585765571
0.04585183952921232
0.0427379942699479
0.044815938910420156
0.04625782505779308
0.04096755996486764
0.04859381401870996
0.05233102432059519
0.05621072104603768
0.0535493072854862
0.04489838956856627
0.043607244162734385
0.0527851094922965
0.051167339823136516
0.049507032393939145
0.05404647025811931
0.06623473030441812
0.04268080571991296
0.043127074721478864
0.04372325844617587
0.029524079592367313
0.039101235543124335
0.05512448927300127
0.07467589758331138
0.04526639088784124
0.055342832385786474
0.05542484182770437
0.041607641259131134
0.055614942298221476
0.048328360917426046
0.04945264352496756
0.04250445589791675
0.037083742282454965
0.04206557166420459
0.03501773224445286
0.036817081644584894
0.055593307396303644
0.0470591738912046
0.06130653955238801
0.038108266441904876
0.04247457705544002
0.04315794632088825
0.0450584226686501
0.04789696810312902
0.04354953148143862
0.055566188860972136
0.06351700803621176
0.0581401820867486
0.014173944977839224
0.034910423536097336
0.05275266451840678
0.03992953677364494
0.04749382147061527
0.04892623903777547
0.04295251299400304
0.04064374246743076
0.04019567762213841
0.044388516300834555
0.040859319554645925
0.037302788529722936
0.04304263971218446
0.0397889228383549
0.04524368386314378
0.06096635809602133
0.05396393280162947
0.0558022277095739
0.05564438418900107
0.06236016606013983
0.06841875126866301
0.05647766462035262
0.0520734454585208
0.025296393061869798
0.019153181743693484
0.03390661412300682
0.024179051763884924
0.03346027078185957
0.056770940471700705
0.04162850661903711
0.028120975121655404
0.033206717065080577
0.055400871794203894
0.03993994978590524
0.042228992471739155
0.048559298201187005
0.026721348047352295
0.03526208062727461
0.034083821982480465
0.04795614542486451
0.052322727233774007
0.05632852075491114
0.057341646623945745
0.07225066884307452
0.05511058649300844
0.042309972633689324
0.04540323618310079
0.047288070976730275
0.04278280190673708
0.04500219400113569
0.040626084835950926
0.036626029793114856
0.0372416782509737
0.03228167647921428
0.0324599816816791
0.040272244923954204
0.03777371240967276
0.04229535035093107
0.030934330565047317
0.042981336089511685
0.03967610032022354
0.04010954161435952
0.040902603366140225
0.042454704818238015
0.039290375683646336
0.04238918061042948
0.03734286771081505
0.038194661066588975
0.038505097253949974
0.03837301971728341
0.039574542802714774
0.04288356194285012
0.04181843550391624
0.036578748465079435
0.040959520269292324
0.036347206505588085
0.034656915645797516
0.03746428615738863
0.03998535805198245
0.042320419511421174
0.04086069703874461
0.04012933536902109
0.042528447231806814
0.042120252080219606
0.03783333560126089
0.03916666822711135
0.04091192989028789
0.04400975503279148
0.0441599430242057
0.040955824668477255
0.046989773840805375
0.04510408830564062
0.04701170074834202
0.06672295445228896
0.0304536451283022
0.07282804913831448
0.07612047759934494
0.07300354955989227
0.055792927394632826
0.0357558693758357
0.040728666574571734
0.036090611882667926
0.019144844092192363
0.05592700509329076
0.0518416956072821
0.059648368246568655
0.0428888541086979
0.04328537721164585
0.040432898061314865
0.03993505006273457
0.045457849384353634
0.046102425713525
0.04265808190005832
0.06715737017828939
0.05293494000313434
0.03778229833042756
0.04287317430184258
0.040839425750484215
0.04837511220143407
0.05860868351572403
0.05421864478133943
0.0557625404098063
0.05385942895776282
0.037313288773582295
0.04723518563211052
0.042982091773429605
0.04005057165544291
0.04886739939677394
0.057109830924877904
0.058579699681073245
0.07604841377073912
0.05635285991383611
0.03844613505005352
0.04177799955326164
0.04967769839834531
0.04918161971608601
0.03976089222188729
0.04628214034232615
0.058972150040571325
0.049884304375228346
0.039497992389571523
0.05167519249428095
0.06315011054817712
0.06557399931837639
0.062467790639781556
0.0719729318631836
0.06102370302206244
0.06734074224607137
0.04033985327213859
0.05402433444124505
0.05362940323310336
0.03974904000818925
0.04666704162869969
0.041281159666896536
0.042856486459688016
0.060387303136614716
0.05875129532140459
0.05825148516648495
0.05458635045841818
0.03696258001602824
0.041225649456148226
0.039334342962557035
0.043370159031629
0.05412116279319395
0.054403428268933254
0.05053386030377825
0.02619113089468636
0.058253914300548555
0.04495727226620742
0.0521968778696593
0.056095911708256035
0.04974132996828901
0.04827165173170132
0.03527517888562697
0.0379714584628392
0.03741189014340875
0.034987313677005
0.03472396466285077
0.03920683564431923
0.0368379660992633
0.03547136655645858
0.03561923293109347
0.03635282716649072
0.03937279387249454
0.039760340211709884
0.040521203785839566
0.06054189545117686
0.05474008785201039
0.041640837811419786
0.047001464940895334
0.04162612156850444
0.04081711220148581
0.047338432103169945
0.058154371689488754
0.06776073033825601
0.06546476784642104
0.0679272300760486
0.06518972637401463
0.0620889997256656
0.06515179236173954
0.06365965092461265
0.07017031622605033
0.06928278867891649
0.06842957961693381
0.06560242938747178
0.06600783220679741
0.07027233090662695
0.06454588371349336
0.05770957493370647
0.06955045765076968
0.07161105235304425
0.07075658813595607
0.06968010670263015
0.0622320306902599
0.06879137007884044
0.03470904341360013
0.08119220420259504
0.06699812016905533
0.08008977312092484
0.06737607392419322
0.07093049847453707
0.08281297654933296
0.07215989699376785
0.078656819879041
0.08114522217545563
0.06093822585417897
0.030759599527673542
0.024284950834609055
0.04324506198868969
0.06332108859962096
0.06181093876757475
0.057814566563651894
0.05862450251567124
0.06334416197702517
0.06219084944837385
0.06180814549042229
0.06276352904573446
0.06311421571434338
0.06101687503698161
0.0633332912198471
0.061198786280352004
0.060709054891417716
0.06265339283850616
0.06326550521020444
0.06166323023333747
0.0604581051755838
0.05994362898901914
0.06070488089210223
0.049168476949722185
0.05879586086880474
0.060675625220040295
0.06196532520841938
0.0647993750791555
0.061929811864985855
0.06360190486576847
0.06297789852589929
0.06163853953516247
0.058054059475831726
0.05501179597316633
0.052448095082105954
0.05800404168362555
0.06074838868256169
0.06177463462306329
0.06325784212071316
0.04031852702861575
0.042834299803355375
0.0412429672944326
0.04272053961958975
0.0415748426731065
0.046478189558114565
0.05366224927715946
0.0616936049305905
0.06027032549582131
0.045642811257412735
0.06105315911793303
0.0586617548935763
0.046605964278044434
0.046750338367691886
0.04200293017705909
0.03746745559180536
0.04328910012799622
0.06190983471216773
0.07121909687962891
0.06988058852568765
0.04139425443529583
0.04441919137910864
0.04200449030599013
0.039943107197056946
0.04356396216307969
0.04649979586963188
0.053168761151996174
0.05847196378330253
0.05169899386703414
0.04546003913588564
0.04127060264903141
0.04004566398451641
0.0395436431431087
0.04827790640133839
0.0596974103290172
0.07143546318691626
0.042406660870949776
0.041507896097751795
0.04089858243414213
0.05451983650179084
0.05607743954881995
0.05221598878991018
0.064920884467695
0.062417612084160565
0.07121356668901285
0.0691789945405789
0.047698502666391876
0.03990416294969223
0.04428428333661427
0.034581837463411286
0.04405529728020201
0.0598632803944119
0.073589329029531
0.05997816102325968
0.0419329743944929
0.043520805244995756
0.041320448970672684
0.04316843686054964
0.049147708481643064
0.05365896662434387
0.04094485939872709
0.03330438454305005
0.042100609743662566
0.04127806254968934
0.04431015728864646
0.04664517042528484
0.04597760286702636
0.05171621456554019
0.05961979933645767
0.04955521766893101
0.04203359059010653
0.04652392568798927
0.044584979934338624
0.039545355762975486
0.04065213843127439
0.055506735854380505
0.054454212126430125
0.05569018742783517
0.06391354309011098
0.04028438887335748
0.06426668678741283
0.055171149631077346
0.054045144142574934
0.053657707436139825
0.0488981183322384
0.04475754518385668
0.051689541635743436
0.06378573726009178
0.06285775788937728
0.06965772194810274
0.06816023563354173
0.06333384910984961
0.07168453282619461
0.06744478058833973
0.06743919047794247
0.07049419419830652
0.06563289809575622
0.0677749182792001
0.06816099312644752
0.04509783940058076
0.06601574924373851
0.06350140113930766
0.06668176986078066
0.06521466131043424
0.0635544759181495
0.06817040789064877
0.05799273487635396
0.058532332306019716
0.07065376953394399
0.058918765928886174
0.05070202632701993
0.06602576753208418
0.07523966851943945
0.07013409621151273
0.0639172814409895
0.06443569245446061
0.047131907634947984
0.04635676173754734
0.04385830373602581
0.04265506444510865
0.04491749052805359
0.04824432554634627
0.05147163908801468
0.04786332213290859
0.04310399834122316
0.03830224743807515
0.035911482948577725
0.03976629250929326
0.03879326613542402
0.038607056514958105
0.044513114318626264
0.04128137925191008
0.04062607871523696
0.039878436250894246
0.04128078098135995
0.035030866441314555
0.03654368721676626
0.042471822819220864
0.03847766030609471
0.04256210940567675
0.043195050680166144
0.044513031190571095
0.037372001675838824
0.039568626323016685
0.040700504307074926
0.040754626368875536
0.039885165133238795
0.042803465869468385
0.04014846572246427
0.04155560503006967
0.048408370341381304
0.06243733633467908
0.05260231534409659
0.05845024306912274
0.06016425301411273
0.056050914114130206
0.05709462481823128
0.05335133143092723
0.06184952343382599
0.0530521928193582
0.04818772972611548
0.04444839760083437
0.047802210082276156
0.04589621658433051
0.04391867816059224
0.04410158192491783
0.0557259883133463
0.04134839982272068
0.04185745096541957
0.04024636701124989
0.03882741273739315
0.03944330392271649
0.042303550060078916
0.04481722976530683
0.030676513747802846
0.044078079027483494
0.02927896404501098
0.03331249211357748
0.02870291170880277
0.03779642735927408
0.0414135318933577
0.0447593896319091
0.059160127051390454
0.05911826682359799
0.060587329988024
0.06400223343628414
0.060370718579602696
0.06427936408914325
0.06153234210017518
0.03873579313227357
0.0630153533405885
0.04709068169756484
0.05174493357448343
0.04241332258566623
0.06388244459366783
0.059382351879447404
0.060085939621317426
0.05985319095713708
0.0596278502262673
0.04349978363602002
0.06342504985044553
0.06015864452117193
0.06273944165228947
0.06448707120082692
0.05930599707245056
0.06167973356063528
0.057104448749608176
0.0649403827832829
0.058840814391842466
0.06186695546176264
0.045541443401154146
0.027063356287579776
0.062059535305496336
0.056712640906061186
0.06472682055636106
0.05649207310008041
0.06074150145783321
0.05441415559670604
0.05608133797061418
0.06293465599964022
0.056704473574353945
0.056757413244569246
0.053886572423796665
0.05313023734533907
0.052232748657456106
0.057791416452831736
0.0594316803240517
0.050887455342523445
0.0444566536822253
0.04031670921716126
0.04104516612491453
0.044511994476915645
0.05125373505417121
0.051185275736849965
0.056173679780041647
0.05185601269468432
0.05242793317411357
0.04035686334846652
0.044893230853970734
0.04061628422739812
0.05792587922088468
0.052516462208605987
0.04269693138589198
0.03692978391275102
0.05252713805950635
0.053206148906457036
0.04931984358602017
0.03657121542902442
0.040758645395851535
0.041063823241888696
0.041288116578239206
0.04361399382356796
0.04366765663438787
0.04284342038826315
0.04219377338444328
0.04141843322974203
0.03946407432411507
0.040447814128503
0.04283137411936382
0.05477619455312889
0.053931053207360954
0.056299183530131316
0.04208490516046599
0.03996609968391326
0.04540321473930237
0.04696236252143102
0.05290267438925637
0.048055700204204264
0.05311393063569602
0.05107377899542339
0.04228634061188906
0.041148656846304456
0.04214398196125476
0.045085548817741676
0.04876879143527177
0.043900494840426754
0.05268410706788301
0.048398864659246095
0.04958497974432538
0.05182901609194487
0.05567047070822142
0.05681736317868655
0.055670337796644105
0.04110884453570616
0.04897238130579677
0.04551239510160572
0.044954805372575526
0.048502255276774084
0.03131396753466395
0.025203301650298236
0.02896825974166523
0.026220795369068624
0.02961343705351433
0.03649504332212848
0.04595705071172913
0.04370068631336706
0.04674144082412475
0.04472374435081489
0.04771504626705754
0.05009616085737793
0.04730078560308345
0.044384412864895785
0.04662425302515138
0.04190996815848615
0.04827676338774474
0.0663398475433282
0.0724408166614496
0.060879928675745765
0.045570541215551694
0.04112278747139418
0.05023538934532173
0.043415281286339834
0.049660157264719444
0.044628810156288036
0.05329936153925698
0.05137676395436331
0.05214530277410202
0.0449775399078365
0.039540149372903906
0.05152056588138204
0.04167633815595327
0.04794018844839446
0.06419984523139638
0.0545479859804876
0.062946544289348
0.04438374377916794
0.024990194362644623
0.05352634420874244
0.046955028716035345
0.039472181316332
0.0537705142751716
0.06079256609893771
0.05543065859811709
0.04455940726864997
0.04859617211498803
0.06064123695822522
0.04838848170675575
0.04993759999198042
0.06683903129491398
0.07854106470197345
0.07334672368101108
0.06780069808287895
0.06449134027961965
0.07073990745973716
0.06156671006775249
0.046487854486208055
0.05762480200576877
0.060845696540630184
0.054684845023799784
0.06173825800138901
0.05936651637693988
0.06155035063000728
0.0601880826060157
0.06675397824917065
0.06532385330013415
0.06768677333299837
0.060095137183183815
0.06470430083575435
0.06292544109045242
0.05411814761638118
0.05563974160005042
0.04117057593577953
0.04473021173504261
0.04387284143902189
0.04482018448900579
0.04487313418386848
0.04915323208763008
0.044669081779720905
0.04722712497580021
0.03639499315392343
0.03863923339177276
0.04645311425933557
0.04406140634736048
0.03943341078054597
0.04550862323604437
0.0576283915822443
0.05331700738604958
0.06015518993697758
0.0472758939775737
0.04223985211892661
0.04543253070886325
0.05153503327755702
0.04167991792094582
0.04559461781037855
0.05860370293020458
0.05514515637701278
0.042936689490713734
0.03778900626871137
0.04093417582138329
0.04399473774413523
0.039585379233378334
0.03492429993496972
0.038434042830585366
0.035512248949734086
0.03447013964541972
0.053381146277278066
0.06612102023359072
0.05458538434799016
0.04899655425696585
0.04074334369394924
0.04950762276132208
0.04512803146726686
0.04436226790858163
0.045420490711197845
0.058367812830259616
0.051164164497671555
0.05852650978640361
0.04122161681466845
0.04707897091574954
0.04237838930328453
0.04870315516087579
0.05515359494785125
0.055002103765513524
0.055607795578836876
0.04579581237545938
0.05046853997131128
0.04946400980373704
0.04073913211863131
0.04745438366122867
0.06781044214657574
0.06923255049195506
0.06601656957129536
0.052720532072096704
0.04114891104528361
0.05374986917486417
0.06243083062390281
0.052487159435697345
0.06596184660979701
0.05068277787324345
0.05757219093913221
0.05202023733511565
0.03908429071324776
0.02991761075328412
0.05198578615736063
0.03492211133769694
0.024842633227979
0.04838152800880276
0.028179151702746673
0.02620439766486704
0.0236988464389101
0.026014403972473024
0.05532369676812635
0.027466590508323282
0.03332699533605284
0.030500797249487364
0.03220777708823745
0.03313179706130627
0.04521666517593681
0.04034544063412443
0.03927230207761002
0.042527943899708064
0.049865946906404134
0.05115182022939907
0.046481432307548184
0.042141850150885125
0.044461520061182
0.05957637370110898
0.03725601824659669
0.02824279455083951
0.031243576979989612
0.02887684444915874
0.028735639335223762
0.054166951176469455
0.07119328313048294
0.06739748323578508
0.058746693159925076
0.02953186184301114
0.031004842857703788
0.02957766498421976
0.02933295713524786
0.03005820204334052
0.025676248870250207
0.041061649852032416
0.04308300087405746
0.05445284125474405
0.05432295253985278
0.05160736678269446
0.047516106618051605
0.052438428421907435
0.05329376731872856
0.05069708352903257
0.049264642327250543
0.06349506059338281
0.06460761207796252
0.06591918911881592
0.06269806139491226
0.0637120562722814
0.05984193461991838
0.05198800011633622
0.05044720273307393
0.051435684471839604
0.057083164584812315
0.04690840004979874
0.05537652201127635
0.062020710996203286
0.04889404543162314
0.054625247264711116
0.04003016846652973
0.04938276754276971
0.04814313320913116
0.035118518966000885
0.025352222402805092
0.027856641541200912
0.029898853579798067
0.05585080111471
0.04749943157460114
0.05524903116851925
0.05490383159597644
0.052086800296645926
0.05708230466496223
0.06442396748634495
0.05788416275654659
0.06063483168020581
0.0592601195282926
0.05964832127143671
0.05590183978900648
0.0553078911937493
0.06685347582937766
0.06501508503241664
0.06362129716819301
0.06629687589241985
0.06648285544338037
0.06479372294420106
0.04178779964541158
0.0486477314873804
0.048559934726044376
0.051556603590156
0.03259064818445657
0.05976697281723194
0.059265821846325645
0.030065726044898114
0.03494553831253019
0.044378596550429805
0.04484392853643256
0.028307683012847182
0.03473261306681433
0.0512352596985404
0.049206677691490355
0.03828384487124411
0.026828941518142538
0.024222503236874787
0.026012952433215948
0.023851520517355385
0.02518898691762962
0.025153867202008344
0.02764195054198418
0.03024986661586725
0.026594681484632936
0.025768541535501045
0.03989460588717693
0.04849883061221159
0.05081304220029361
0.04273208585800912
0.057360585750800185
0.04243870070042646
0.0443026407545656
0.05204153051282522
0.059029342483894895
0.05554916423201903
0.043285436506753566
0.029259898110993703
0.044240179074400456
0.03676702143425851
0.037606679540593026
0.026425223198883924
0.05219859423111236
0.05216280497571194
0.030618751258647273
0.031491793843601006
0.04311385136303339
0.04119962311882358
0.04370541425668298
0.043472387156548394
0.05510130750120694
0.05992679426330552
0.04283122318086132
0.04477959209296193
0.05029952343898035
0.06506992444084446
0.06869424250312943
0.07055995663823375
0.05944865866658983
0.06329526398547677
0.06007209429892016
0.05734261409522029
0.044616711381475195
0.020840512401866112
0.027816296029166063
0.06455191145217617
0.044986326708816776
0.05655349195608957
0.06370646521033485
0.06418341313023741
0.066090159187653
0.06250830071999246
0.0510472213590855
0.04599809706139676
0.04408457406847888
0.04950119118712878
0.04968153170672587
0.05947656985394174
0.048911272682286316
0.05342562486849924
0.05499363297473523
0.06414930268597072
0.05501920666332903
0.05218841132302422
0.05133707757600447
0.04323270426889219
0.05754343199679167
0.05578921113651854
0.0574797177662404
0.06306456784555588
0.06319773969162203
0.06606704001498583
0.05884315862830998
0.053346656646918546
0.058004911623207804
0.06818441960955376
0.05969987569855319
0.06327732242830118
0.04343297470880979
0.05297056720939276
0.037325916831154035
0.03510075594279044
0.03787618925329096
0.022262853891197094
0.031272000792329994
0.03969357056655098
0.03687063031058664
0.04575527206381334
0.02197712268984524
0.024459135089967592
0.03753154963868406
0.05204954470264813
0.05482076004449832
0.024376451850702634
0.021545599174946736
0.03576522207585277
0.05946210621844958
0.048057721955693
0.056993828604258646
0.05972026776162996
0.06429658579528068
0.053266504399319625
0.0489712056930796
0.05312019431539434
0.07233317012292201
0.07255084498174544
0.07928244910871933
0.06486387240270476
0.05734329771334043
0.05464078822919905
0.05874965426560695
0.053962915689246604
0.059458863978544746
0.07234182806818011
0.06395781462288502
0.06993377153863665
0.03846567045203009
0.03303461562956265
0.042036352456419256
0.038590072017829685
0.04261805985577629
0.034401048644731064
0.04598242078819991
0.04932107543912734
0.04223532302548817
0.04792448998875764
0.060787680346080696
0.07188108265287742
0.042682668351228296
0.02765711703934032
0.05485142995807037
0.02695867450608841
0.025053147026562
0.04047669688904695
0.03790236557489962
0.050721389047173236
0.05878011646980049
0.043854480591398404
0.03751659003924465
0.023663041342795867
0.026770647001134375
0.02825952431373384
0.03039891122460897
0.03939976923166513
0.03225909238872056
0.024728883015390484
0.043362743217816364
0.04096022830242605
0.023968667750553407
0.03848620229751305
0.046263230917975476
0.03736075726562303
0.04432212134128534
0.04844905653866498
0.05307865560390755
0.04304521155436169
0.025360618159400317
0.04185372204826278
0.0429531536184275
0.041647437017373584
0.04903293937318749
0.06389667429954662
0.06586009832382764
0.07151697586707592
0.044288938261646864
0.04048149547934323
0.04046602652672377
0.044449028499479216
0.04045713260347782
0.05235266180188389
0.0712382918214275
0.06194176143485153
0.06545381483787531
0.06778714382672783
0.06699256393623651
0.06911081289570935
0.06631561815154946
0.06306425053493331
0.060867297658067566
0.05693923271125275
0.056326730976474
0.06427893967821786
0.06428871536188906
0.04828141217719491
0.036933123878773344
0.04955543328277058
0.04386756351162917
0.04551471053004972
0.06087867870826899
0.043669015539025094
0.042169027208881764
0.045496526568811126
0.04194869391890644
0.045638826384487914
0.03667744605631864
0.036475939113928504
0.037297954800147255
0.040310772959247884
0.04789695092248511
0.040240924103446984
0.03750909911552716
0.040207013057810485
0.04431613824638585
0.03844963388713141
0.045218769556163975
0.0477053440233693
0.06817407804281694
0.0726779189179884
0.06496441443540271
0.06937467842389015
0.06043929359669776
0.06373049411901396
0.06825905114111706
0.06457834818111338
0.06533644137220483
0.07059314659159369
0.0682019362217495
0.06054426329969271
0.059017025745788605
0.05901309868805721
0.05828108135801531
0.06288827158160067
0.05846945620907142
0.06602640956968954
0.06378315655998515
0.06045406030023536
0.049048113264131374
0.04646140020960021
0.03579425322296454
0.037560126363555824
0.06279507136768123
0.04307255907669863
0.04164808273170009
0.05391614763233939
0.03908897686422507
0.054308199019523856
0.0457337755651183
0.05440753130955537
0.05439326885290223
0.05443124590938505
0.06270915904693647
0.06428540732033274
0.06414880881592273
0.05996355866733038
0.06497527623908576
0.0665905129928469
0.0632826855005954
0.06361844854572665
0.06549072884896975
0.05432682269909258
0.061746792592553376
0.06539660346795567
0.04733329261396301
0.03379601437478218
0.03123560138111616
0.032622341244348874
0.04781735533480387
0.04744319225396215
0.045770704614598985
0.04264204022350283
0.0431258975474123
0.048062311493607304
0.04468286865789141
0.04660173477312971
0.03846259944910194
0.0461718002762689
0.04612820755651232
0.04212030081111377
0.04056698689794822
0.04318045086503309
0.04553438519356399
0.03997422229239488
0.040097664542422806
0.038779731785979946
0.04112312498245486
0.04173593954830459
0.04499387926345696
0.045709266194479
0.04628854567363403
0.045402328802922706
0.04327935591819293
0.042130529862299135
0.0419759423756003
0.04720329364116743
0.04278604274755706
0.04291966302315344
0.045731355791035044
0.0437330540013924
0.04517845116688657
0.043492173937022136
0.04808412106918551
0.05250394772300286
0.048552844710663325
0.046215230107582404
0.03310598357123039
0.04333198998004851
0.044867512351508446
0.04265751322503748
0.04851357323633171
0.03937866912198678
0.04305074210046154
0.04636498982442498
0.04017102508552271
0.03799163425911522
0.03721072981656541
0.04427527790187665
0.03413072365384584
0.03198701474787538
0.049687513345569985
0.0410759978702463
0.047094633552887864
0.04250552855873947
0.044958424124253195
0.04550260022739429
0.0430029245216571
0.04318664241972463
0.044565744159108425
0.052125408530997536
0.04619855166314184
0.047503408910459614
0.04784012400154337
0.046335804664465303
0.046499527222419804
0.04552041509089842
0.04771516355969993
0.0491310343266695
0.04448529717298852
0.04745425677676691
0.039181121496838035
0.048598012068181005
0.04507980483766862
0.04626380653612649
0.0501037884804665
0.045800100652580264
0.04563051459500914
0.0435729906045103
0.01283424502477648
0.042965723555576305
0.047561191870174664
0.046855116824905646
0.044588291021814136
0.04378459211188321
0.04113229636139366
0.0442589389692349
0.04752913871533854
0.04582832089919077
0.04829855454826089
0.04888763944500048
0.04693772083104161
0.04364495881824956
0.04627985827804747
0.04378887992173276
0.043731938665588665
0.04470920363045072
0.04640188850144603
0.04629220437450493
0.04756016126003437
0.041997540939754836
0.0453144293641962
0.04286859708102058
0.04261322365622117
0.04451295765948406
0.04124170059598722
0.044484825861681225
0.04220801378942816
0.04369453592747157
0.04155237103064316
0.03829306767209552
0.03335586508914707
0.025967004372398742
0.026097609106072336
0.027690113144210656
0.02607764339422837
0.0528747456378026
0.04858717976091466
0.04291576756730164
0.030403679685659213
0.036212096895938926
0.06629832179397258
0.06498836256918367
0.0669029745316889
0.06477619984515609
0.06653881814213793
0.06088701662541221
0.04849630873017015
0.05159675414841219
0.06694217754511536
0.0795546121603784
0.05522592947378098
0.0771215016358376
0.07101763889815096
0.07646690581495037
0.07025636158353152
0.06636653535271483
0.05970107642828503
0.06926460462385577
0.06928469195118553
0.05710689490697553
0.055457191488181345
0.03981970339307377
0.052570399633134327
0.06307115983288843
0.06614704300139376
0.06224226143638608
0.008746501575385937
0.06744586288759634
0.05286775942526552
0.06525268540158186
0.056021239930270146
0.06479394211381907
0.07056463856137143
0.07450152819371958
0.06447977459301561
0.06431881660986628
0.044964071895046406
0.0635839753242132
0.06995658937245476
0.057057450385877416
0.06334602024882359
0.06549313860456088
0.05268494485760477
0.05918270914721101
0.06742243275893524
0.07326607948156728
0.0645799805680041
0.07015965903850926
0.048749912613808406
0.05245453597722216
0.051731965400542326
0.05352733584020483
0.05300849322091752
0.05131774552649753
0.05422589972595505
0.0564685640740002
0.05010891902955693
0.04726268122067188
0.05431446646616768
0.05380014368935296
0.05145784726000346
0.05071538513162319
0.05249509996144114
0.05009120506171973
0.0555085275132813
0.05031245484550859
0.05327628565062714
0.05462751093711396
0.05814174699986467
0.05692768569150689
0.06397178013598097
0.05672189133375858
0.06365349490496452
0.06700935191312356
0.06523420317599826
0.04266992921206606
0.041042915922099014
0.05795040430961548
0.05854475076790401
0.0594451313235661
0.05789401370128998
0.05381761996054029
0.05440860663563627
0.05991297399250327
0.057603065228102726
0.05766330310156504
0.05775666661874379
0.057590810049677164
0.05679091762815934
0.05528254604134858
0.0604299161664518
0.05593673627782214
0.06254775566732532
0.05650295711817553
0.06118813920644182
0.05778415555530487
0.06613217688180331
0.06230820495591431
0.06326263754461214
0.059579878348052825
0.06016039776708852
0.07071954658576968
0.06853640072742191
0.07194333100522848
0.06592162235094447
0.06416889822951745
0.06796231677212959
0.061798849841355495
0.0648070609694775
0.06441518629148178
0.03615047817183976
0.06620742881444633
0.07288979620196846
0.06915814864499947
0.0679169536594341
0.059435692381282434
0.05972532914587718
0.06577755532211403
0.0682072381936038
0.06761951268839218
0.06532893502855855
0.06393078541707721
0.06284703040792938
0.05341708391771618
0.07040743205177383
0.0674187459097998
0.06968388017949023
0.06431519776768412
0.07252188984131334
0.06757067023049888
0.07172409598701275
0.07141190799415656
0.0754741750745009
0.08775337968597731
0.08702040992834303
0.05824802951399045
0.08610885209311422
0.08664486184144002
0.09087263428460818
0.07764086060390114
0.09993437088866626
0.11907701589379356
0.10757351952553167
0.10766258185600983
0.10017673180623246
0.08533768929595857
0.11093273771382182
0.07539880070403535
0.12442617193066119
0.12312457786672978
0.1168386380380659
0.09121814788368186
0.09257880501702977
0.094796606363235
0.09752670262333375
0.09716098698712344
0.11747124601762422
0.1237264925277403
0.1197051331672894
0.1188218005601405
0.12869732430915673
0.11878356450165664
0.12613123841065682
0.13335036405538442
0.11043739992420135
0.1346245918078141
0.1316300389595363
0.12836929145718545
0.13090999592423788
0.13307687654594913
0.1352463652894175
0.1378148341986338
0.14270032080391468
0.15113866932224207
0.1517506307121389
0.1505694856294564
0.14713801132987095
0.155110036640273
0.15159680684595955
0.14920996153633495
0.16052397782307948
0.16025430500731613
0.11824468109163326
0.16585133893886037
0.1712283941290478
0.17864855217033304
0.1501406647762735
0.15454806581625194
0.1709708978725969
0.14332308590856713
0.160472320687647
0.1887273040677431
0.1775415614805255
0.18499379140218877
0.19273055731381578
0.17382918902807556
0.05828996101240944
0.1325862162134249
0.18568707512480365
0.1832624235375585
0.1894153683308964
0.16803339578728374
0.15432254745777577
0.1268562334218726
0.09667418008289343
0.07751596146222006
0.07083089302753408
0.07067720981259733
0.07466732402434138
0.07185029152352534
0.07327371682842734
0.07520733593586418
0.0756752809471168
0.07781880308722543
0.07835657746561703
0.07841138444416107
0.08329483881286444
0.0856186907575552
0.08100716686306253
0.07202711435816525
0.07811416233384966
0.07903489381816853
0.08127951649390007
0.08863025122142955
0.0816345062613717
0.08104857020902109
0.08265819538740898
0.08295409592001872
0.07620040559114402
0.07646937923470598
0.08275302526746509
0.08991740094543459
0.07882235637227006
0.06869955394727326
0.06383879452122734
0.07278498169119864
0.06643087640767907
0.06297109360879928
0.06823004520931383
0.06403261614461865
0.06319262221690383
0.062362578355264715
0.0617232030692167
0.06130128342648858
0.07330609397004023
0.05695009026564543
0.06096899090074858
0.05824762981294697
0.055655567556438724
0.05430582392078379
0.051818445379181025
0.05181703498939376
0.04578364254585578
0.045756691372667815
0.048299314776424705
0.046605452067616716
0.04830353185065182
0.04175215021497412
0.04409229892335306
0.04178819952586275
0.04045720488311753
0.0383004623429772
0.04083805227265027
0.04036546844563072
0.038775229310135204
0.040050632151928195
0.04036194435795218
0.03850232811637869
0.04073673504040863
0.0397968078725542
0.0689747864170236
0.07636270608606584
0.08136940205517267
0.08550454145443444
0.08498427163940972
0.08268914499743375
0.07628682576512373
0.07753948140557676
0.07802632385207434
0.07890134295109041
0.07712246134970532
0.07724958226300897
0.07716564594493977
0.07618920366558529
0.07167530377656955
0.07575481499239951
0.06998430619468993
0.06957539528371161
0.07464849661282251
0.07577229573943621
0.07519228583014995
0.07582941632756919
0.07358915306991358
0.09473593457688016
0.08535694140891914
0.08020340208808019
0.0791511431102916
0.07448597708503396
0.07563151699340032
0.07467921568869
0.07312313112076728
0.07357100890525092
0.07601493963009798
0.07381308474092249
0.07492993938216665
0.07364920923838608
0.09502909244917504
0.07225237633208716
0.0744818165557535
0.07403099256698646
0.07430791526683125
0.07294871852475003
0.07093814021910826
0.07339012813408925
0.07409452845667194
0.07432964585093306
0.07822293905913741
0.07323321804179246
0.0793679412517218
0.08033954819863913
0.07583161125921555
0.07176375938185496
0.06750515578518837
0.08027086516046349
0.07971869385166949
0.07002692290018853
0.07332618010710278
0.07075968675422621
0.07400176143603009
0.05582454439576523
0.07707729750162222
0.08816752730525487
0.0761051282152937
0.0786579807900755
0.07745119662108373
0.07133519570077028
0.07262277180850855
0.07684555770389967
0.07344063495269917
0.07164389214547734
0.07017847314971808
0.07236606450365661
0.0702205944083598
0.0673920277324562
0.07115200630710328
0.06769480430427066
0.06818591149971308
0.0662741970572257
0.06649414772629371
0.06887962726605718
0.06910775579483086
0.08453735300786554
0.06553307079691728
0.06877725430623902
0.06928627294994683
0.06964452894868255
0.06887674070308175
0.068260132210234
0.06897582292059344
0.07053433908903026
0.07186716914950485
0.06927992413664177
0.06943663593768357
0.06832940716431257
0.06749721131623336
0.0676184295749126
0.07042456985761632
0.06364261209402379
0.06982927303294884
0.07041092484341617
0.06984442713722276
0.07054012477116627
0.06660098832063734
0.0822495891659985
0.1068527649274058
0.13760590565166503
0.14129092194603776
0.13729285461147128
0.15106752297777476
0.14807298232686558
0.14841672360348163
0.1545561074639595
0.14614775265373303
0.15978942723768708
0.1622534451382705
0.15834255809945053
0.16031909726730273
0.1502559306051456
0.14582153786785657
0.16009960277089844
0.13737180285903877
0.16068987340475618
0.15062644270766928
0.14807511070712817
0.1576781417354394
0.15077149412620217
0.14320662188093905
0.16531263499711107
0.16471256778170412
0.1626888708988077
0.1657488612931918
0.1654555538159115
0.1662311509791669
0.16257973613702953
0.15630960850921927
0.1457039332681882
0.14927422276366523
0.1558153682536018
0.1477884073258063
0.15942313597566235
0.16324202858109135
0.16124745487743955
0.13166400070856335
0.24001727671701584
0.2498906947492356
0.2202848935068346
0.2613208031609002
0.28877789119611974
0.23497802172574567
0.2834339119268188
0.27072906755010495
0.29592600910815275
0.25752460409014655
0.3072802286470681
0.2633750576629986
0.3076814547458712
0.2694547504674822
0.2743861595777736
0.2947908290915778
0.2814658685845382
0.24313048759569125
0.3670038387806836
0.33942447535351955
0.2790397451530403
0.28087497041709786
0.2799736064272003
0.29457432611882745
0.2744477836313793
0.235565383113339
0.25329512635879575
0.33207093327701176
0.29937387901562296
0.2798015402313108
0.21496229471966566
0.23891363405425414
0.2244293052300873
0.2932444958795821
0.3057022218786989
0.2705873217024204
0.2644193915019746
0.28336280385471574
0.2837337583845982
0.2513315996937047
0.28001081198973826
0.24194673452210744
0.19092342630742223
0.27283011428246545
0.28207678331352803
0.28067729635868344
0.30731128460876495
0.20067910694041213
0.3170188522209385
0.3035266610715723
0.29884767645573224
0.23585870370048842
0.17559453280256554
0.30455936312269705
0.23295412709762373
0.28179470415809366
0.363297170795013
0.2862687682625737
0.3029613767872519
0.333442521454264
0.2881007320640217
0.3052129664532357
0.258875886471805
0.2746999112193709
0.25916819989428663
0.2665304723295895
0.2236066028378158
0.16438224948481633
0.17301160352343786
0.2814759373037229
0.27903190311615605
0.24286205250323617
0.24161185095554655
0.2160504988782188
0.16902564492318606
0.1340997412389516
0.10523100388037687
0.262528345713838
0.24118430171216648
0.2578583229000088
0.21905349665661392
0.23601086292049153
0.23350198606641434
0.2510330248013135
0.21722612575982367
0.20971895567441862
0.167741436999743
0.06090349635442022
0.07063617072688386
0.06734153138192649
0.06897126032173943
0.06286515258069433
0.066303554018366
0.05998261740465984
0.06566682810213566
0.06882321887566058
0.06946764436664674
0.061784829096334704
0.06612911539691337
0.07163475145158144
0.07490813830338512
0.06772512680773712
0.06009571517815715
0.06726902481085836
0.07150608278398275
0.06849436460858191
0.052317521199383155
0.04065827027271615
0.04347914002268962
0.03718577404627672
0.03430535676239204
0.03585832933819497
0.03774982661050557
0.03966011906914482
0.05201781116180729
0.05443690597711659
0.05941545494500702
0.0531422674113908
0.044008456705218975
0.04035950398715142
0.04200770844947114
0.03840895591203033
0.056914200311258156
0.05785705090514585
0.04371436338675187
0.05027992554321237
0.04606332566423903
0.04712563012908624
0.04298437907367643
0.057669685941496615
0.06937564581870898
0.06694412198736108
0.05992671938982854
0.05633224700731062
0.066396599445565
0.0737188857739444
0.0689974096317119
0.07119025914838384
0.0782280571243578
0.07655381473045716
0.07855563455102113
0.07016904249429906
0.04523480046351971
0.04012786748823235
0.06621043865911841
0.06952990033111768
0.07823626819642913
0.06324417065608365
0.07438845564146393
0.07051524097556118
0.06503828384412928
0.04841382482277311
0.028160048742957473
0.056286836144507496
0.05285743801761483
0.043091186140691115
0.038908263045573314
0.038164552093990195
0.04215517307391636
0.055234088961590974
0.0383319311550786
0.054983921295646894
0.05981504020839135
0.038105986209782665
0.04278477912034466
0.04730905617965309
0.0524623395643966
0.040906091747438054
0.042372381587074695
0.05411399025592528
0.051518538804345315
0.041316951064455966
0.040439433085822866
0.05729854691607817
0.054461556617447886
0.046969525324170404
0.0532220419164714
0.06376608441406509
0.062444680557531766
0.06123981191061843
0.06605161053228116
0.06670175131151954
0.05969586449138923
0.05450676891591957
0.05932325431446772
0.05696823520569274
0.04872812039628252
0.05687163327536169
0.05646004420811696
0.06307370285403002
0.04417659266649884
0.048585910190812716
0.0520873997697259
0.05162013246071736
0.0470238516020097
0.04470751710972222
0.04216020394155825
0.045067298023999953
0.0403730840493411
0.03776429286296755
0.03944931369642328
0.04621734702751712
0.05165255764093705
0.06043504919402386
0.06636377278687172
0.05792601259506331
0.06591004969694357
0.0664596651082769
0.06765608102430726
0.06455792390558497
0.06586876533852346
0.06715886772634129
0.059513539177838706
0.062235102485083495
0.06674429423789337
0.06726566913977025
0.06841561106382729
0.06413015823152261
0.061647823068354445
0.06029003348628711
0.06385722621720859
0.06964949258258281
0.0695723951261376
0.06562791362753267
0.0686670077414328
0.06662256039495383
0.06300236347276791
0.05784599030407015
0.07227409699887682
0.04468106857484473
0.06727175474373848
0.07186687132736337
0.06886054716806098
0.06422851453251278
0.05124533566266521
0.05800417097897135
0.043852746879294496
0.06760998347289432
0.06560804465524823
0.06610037761166125
0.06697042844321589
0.0670060972773648
0.06753536272207768
0.0673257237802807
0.06126476301647961
0.06522295635073898
0.0684374169110306
0.06832766757994199
0.06759140955227126
0.06376130199848769
0.05778413585141432
0.056707230748068556
0.06063134488437078
0.06062933974814137
0.06362459472687242
0.059775304193397286
0.06104436350637028
0.04984090136499472
0.04189263757806489
0.03989392841782142
0.058107931021025135
0.060175057557259416
0.0673504040197032
0.04566870810852601
0.06393691375674893
0.06565001007393662
0.059541023273699534
0.06813584107176407
0.06535398327495333
0.06089559544224174
0.07298290913534106
0.07330479894690703
0.06332823923839574
0.06115608464763882
0.06881253016092215
0.06175469659862784
0.057896652552102336
0.04423952395660252
0.04359687707658133
0.048646446255073125
0.04183041279243491
0.049105565682022394
0.03672896458668879
0.025883695823151955
0.021450041339596777
0.01870145393137045
0.020592183604803506
0.022143564925040396
0.025045951492073806
0.05782075244763465
0.06392238449830234
0.06257234941539773
0.06460352409398695
0.05713648399828512
0.0643974013178366
0.069590831584659
0.053336211675544545
0.07190945243844302
0.0726173753821732
0.07032077905471147
0.06924736471480189
0.07698327840634737
0.07197528739890585
0.07226793434197558
0.07101698527396406
0.06837539151556599
0.05664868964798813
0.05377765885606414
0.0647615955848786
0.0630495209513919
0.04128410740448089
0.04597104390561368
0.049042504007310285
0.042675216836433036
0.06324564555597227
0.0650837777960028
0.0719496255393924
0.05454118776524306
0.048692559229884344
0.044136201408021006
0.04005866612190913
0.042829759436518934
0.04232698160121568
0.05993307687276886
0.06666122178501456
0.06989264967553173
0.05637672712840006
0.040580524264370026
0.04983621349969755
0.04140550949364192
0.040138660008092845
0.05126764147968577
0.06566829197622343
0.06286614400991027
0.06561152569787422
0.055775976113039805
0.060651619746619694
0.05843576484895034
0.037245223521642154
0.06631190301131229
0.06449480372740388
0.06621666725395614
0.06727930978104513
0.047595248629093874
0.0396598623857466
0.023327145057955294
0.03366211749905113
0.03264691762101648
0.06252733872990617
0.06218394117783617
0.05962177317764572
0.053350951048258786
0.06080761743954629
0.0644198387247393
0.04463184405787939
0.04573349910809384
0.04219719380431203
0.028788425414451327
0.030822532463982533
0.052672414381391655
0.04296321814188409
0.04004365103904211
0.039563801472173796
0.04666124533464829
0.036736274844901336
0.035821510474724254
0.039287039698258336
0.03662885030598844
0.037615763426148086
0.037828755444778324
0.06071135137222732
0.040116502297777835
0.0416865898447347
0.04603323615794556
0.051554433397172236
0.04187912997440482
0.04278673361708966
0.043151334092841845
0.05633516848044618
0.04265679127253797
0.057730942696819
0.059741812196702146
0.06412201759158213
0.06368580740118845
0.07018150260834817
0.06090871129384597
0.05377397918331451
0.04815360690355997
0.07410986187022726
0.06308583935881831
0.06724636876355113
0.07019165954799293
0.06954899576418522
0.06651863993928814
0.0657845825724371
0.062127844767693764
0.05930680702472913
0.04941015413678539
0.05674654919939643
0.05870381465773759
0.05189432626041368
0.02701020399062689
0.04180124749345121
0.04838018080655588
0.062573684595064
0.05768076343665912
0.04375964728743159
0.06139492456976302
0.037743400122972996
0.041470940681210024
0.04706311029465053
0.04785790807694835
0.048527189083761545
0.05384080010966813
0.062206547123102585
0.05123320485820567
0.06831985037850814
0.04044389585596922
0.061466600796413084
0.06954417644273943
0.07376651419103068
0.07252645329828263
0.07819950415752658
0.07726581237812921
0.07341019453603431
0.08091896206204977
0.07635344445500383
0.07421125959525719
0.06924998193455319
0.049558414918480495
0.03335068019328464
0.046400642539888855
0.04385755746371731
0.04348544455107643
0.04590324853488883
0.04259301694260635
0.06159568584354968
0.07087156764378436
0.06159964250703509
0.058986037368043594
0.056923569510829296
0.05874979089912636
0.06533350266589756
0.05413260715192282
0.05951856107201804
0.05224275442292548
0.05752320451421661
0.044045808674308656
0.038545579917510425
0.06388336559684488
0.037015397795042926
0.05831613996599318
0.05711107945580525
0.06085046114818389
0.04010526269501251
0.04240234087056619
0.04360969579448612
0.054244761283838996
0.04113676516235007
0.06356657782266091
0.07258722127080815
0.047693716959129856
0.026369433396158895
0.045342247054046575
0.07198476032100254
0.07001648873483274
0.07140538123066033
0.07425091288361732
0.07083514933786406
0.06394148356105234
0.06793050249594033
0.06840135479232831
0.0681776074638657
0.07116534962126973
0.07509634892246586
0.0689085725214415
0.0705876581053414
0.05698831842060309
0.050717842323380176
0.0489158972618391
0.07106085005789366
0.06511943084862745
0.05133406117502905
0.06918435457203162
0.04930010958128005
0.04404053663291334
0.042519322660237516
0.04628989734563942
0.04736712973253743
0.042693062034088326
0.06164985286235968
0.0371735855323034
0.043713690139648015
0.04480423235709511
0.04121383516687213
0.037891787365342024
0.0477127420951076
0.0686499812973099
0.05642383665444879
0.04049738089376798
0.039414058566173575
0.03491661979623465
0.034637346521691634
0.025423184581944494
0.024654033754431297
0.024159858634972362
0.02324540754097266
0.0260436055825448
0.022037428340562236
0.022126831767606867
0.021408437449149005
0.02167502942210588
0.020550810604568256
0.020587059309607178
0.023454437615262964
0.021165625031755213
0.021917181787738636
0.023187705302862124
0.02233790726969171
0.02349159012714835
0.024978007147339682
0.02374754999033844
0.02436799349552822
0.025400578961310274
0.023026241345215977
0.024826838939928948
0.024265101126111684
0.029070326303057278
0.02862086112837454
0.026972824380929458
0.027928467599060366
0.026898358147364788
0.024310643552827887
0.024753891432728246
0.025478747558768673
0.02508184855127763
0.02653126380423983
0.02441675016587247
0.025254720839621294
0.02272924453762156
0.027495380722284437
0.026241901710807022
0.02778951099579472
0.024585988957054397
0.02477074724431771
0.02322314162689663
0.02297803606954036
0.0222489006941206
0.023475418729599254
0.02255453723608499
0.02129041830780251
0.02341864414370391
0.024028252812866656
0.02681429993403567
0.024116866136031756
0.020683005517156638
0.025605225385628285
0.02170067091284942
0.022714891904004268
0.02177564444819505
0.021565380198271637
0.022677203998401414
0.022335620821910162
0.023920986226758267
0.022603919702760652
0.0224843504153192
0.024275102266766543
0.024723787592698422
0.025578315473360282
0.02112135294926373
0.023725800165165668
0.025099350885711864
0.022952548462213906
0.0257593752062958
0.026767693883027004
0.024569809377943334
0.0233519516221422
0.022375555984731864
0.022130873373295237
0.025451878110235634
0.02400942970689367
0.022875499135805766
0.026813726648937133
0.026514334804847297
0.026440474572641898
0.023881499169012707
0.025693976725196202
0.021706206960232448
0.023708584387255743
0.023370279958216097
0.02586838946729737
0.02372806278025301
0.02242890178574618
0.02317538308606972
0.023128802421886918
0.021611847366954654
0.028970396849798526
0.021327365520794516
0.022899527976734745
0.02185842877245867
0.02039992205389069
0.022523153285965776
0.020760147552974072
0.021534258655041803
0.023284633192049944
0.024616031506494104
0.024284556046770586
0.025523210220582144
0.024615673455359758
0.02675571678670639
0.025165635112638068
0.025556820959272423
0.02404459023932972
0.02228917866330391
0.02293091093524247
0.022210664275837046
0.02216562469446676
0.022683619217233487
0.02185259510805779
0.021220375821910543
0.022826416861875577
0.021270015438252323
0.021489966989974848
0.022780538644060808
0.023841994957955293
0.021801026901842283
0.02665624482665991
0.024723087658545022
0.022250940249780148
0.022551719003361052
0.02322524472585634
0.022746344006648125
0.02845690461380864
0.024017501407294372
0.023048083787177074
0.023074116980048704
0.023559545894837462
0.022259332011114085
0.02251124454198332
0.024631201974172998
0.02268037188710008
0.023275734795349615
0.022690968990598335
0.022116183267583987
0.026354844809850706
0.0242603746708884
0.025043901188733758
0.027724267475975943
0.0266085757866173
0.023774591360012143
0.02395370326121808
0.022715150482626796
0.021355076708547267
0.023115822885265022
0.02394403482590647
0.0241568999479953
0.023522821420733853
0.022971524642492178
0.023193277339708752
0.023622108874400093
0.02244750478491795
0.02218728100995283
0.022642903988524962
0.02463870557374518
0.023622349841224046
0.022894991620548984
0.025020568238579424
0.02403781253386129
0.02703841914738275
0.024736804811345457
0.02480792625326815
0.024602345876774817
0.024615039111412843
0.028486753189560437
0.02983155684596417
0.06411074882447355
0.03165857807596714
0.02622155288544572
0.031279874466825994
0.028699648762614247
0.02742628086486821
0.049862108536914695
0.029196754796329227
0.028799215343785038
0.030445662046338976
0.03133817791612277
