8761
8895
8965
8676
8862
9016
8663
8855
8893
8650
8691
8853
8701
8745
8627
8908
8718
8879
8554
8725
8810
8771
8720
8810
8805
8747
8784
8670
8553
8842
8672
8586
8809
8712
8781
8860
8908
8738
8795
8590
8691
8934
8562
8749
8752
8700
8516
8974
8656
8740
8604
8719
8708
8777
8717
8753
8698
8846
8883
8770
8851
8642
8833
8705
8741
9020
8866
8725
8863
8695
8602
9037
8714
8655
8818
8726
8767
8780
8781
8709
8888
8759
8675
8828
8971
8617
8721
8683
8711
8940
8794
8717
8840
8585
8774
8633
8705
8551
8874
8632
8762
8958
8753
8648
8889
8677
8670
8841
8604
8776
8830
8682
8772
9013
8732
8738
8810
8606
8831
9040
8744
8710
8964
8909
8713
9054
8783
8638
8803
8806
8812
8771
8752
8688
9117
8719
8660
8940
8564
8885
9187
8831
8698
8800
8628
8653
8986
8778
8827
8851
8661
8759
8822
8815
8746
8905
8842
8790
8896
8634
8687
8970
8683
8663
8997
8614
8721
8987
8833
8640
8763
8751
8737
8805
8710
8636
8919
8762
8671
8848
8853
8652
8760
8840
8792
8802
8661
8794
8925
8785
8650
8910
8590
8645
8878
8634
8833
8941
8712
8668
8829
8612
8749
8991
8921
8825
8727
8672
8805
8901
8688
8649
8979
8843
8762
8766
8708
8711
8774
8675
8686
8776
8585
8675
8880
8691
8811
8787
8708
8633
8938
8538
8517
8708
8652
8708
8681
8842
8750
8623
8678
8695
8789
8733
8715
8835
8738
8779
8779
8704
8731
8920
8793
8683
9003
8788
8768
8905
8860
8543
8771
8835
8631
8939
8770
8686
8905
8751
8880
8840
8676
8530
8681
8841
8796
8658
8831
8714
8852
8897
8805
8983
8789
8821
8938
8812
8723
8724
8775
8755
8835
8846
8648
8639
8580
8681
8769
8519
8644
8733
8557
8655
8897
8717
8661
9058
8757
8857
8849
8838
8823
8676
8673
8786
8953
8755
8609
8786
8862
8479
8879
8629
8674
8839
8663
8767
8626
8738
8630
8688
8822
8800
8967
8699
8605
8662
8562
8632
8646
8578
8591
8911
8592
8746
8416
8625
8646
8740
8692
8777
8847
8785
8494
8721
8605
8515
8681
8612
8618
8825
8616
8657
8504
8461
8559
8754
8736
8695
8739
8801
8592
8930
8781
8761
8937
8565
8559
8853
8656
8542
8959
8630
8532
8796
8774
8607
8637
8671
8314
8849
8613
8645
8712
8710
8618
8850
8910
8835
8586
8636
8441
8769
8586
8550
8674
8788
8773
8780
8501
8749
8946
8745
8715
8677
8671
8740
8785
8539
8764
8828
8801
8504
8837
8763
8547
8851
8645
8662
8774
8576
8674
8716
8632
8528
8816
8655
8850
8759
8623
8536
8686
8751
8630
8834
8493
8677
8755
8601
8439
8918
8559
8686
8799
8644
8674
8802
8700
8792
8648
8688
8701
8632
8711
8703
8819
8592
8617
8786
8586
8442
8819
8563
8653
8749
8765
8679
8843
8821
8659
8931
8736
8719
8852
8827
8714
8844
8765
8631
8863
8772
8577
8800
8601
8746
8835
8547
8672
8790
8745
8610
8793
8595
8486
8727
8715
8453
8889
8667
8645
8789
8695
8530
8771
8633
8662
8658
8602
8620
8694
8608
8570
8656
8869
8501
8870
8639
8159
7818
6573
3554
3505
3563
4803
11802
12324
13283
9892
10101
10281
9437
9150
9483
9136
9021
9261
9172
8955
8995
8824
8818
8816
8817
8705
8651
8764
8711
8759
8743
8783
8762
8858
8652
8715
8740
8737
8548
8627
8733
8619
8844
8829
8799
8919
8756
8675
8709
8690
8771
8868
8605
8567
8747
8491
8702
8622
8647
8558
8695
8708
8568
8838
8907
8759
8617
8587
8678
8493
8517
8759
8657
8783
8532
8806
8483
8521
8505
8600
8580
8807
8460
8548
8767
8564
8609
8694
8646
8565
8814
8610
8618
8678
8833
8746
8901
8646
8592
8788
8583
8495
8832
8631
8663
8746
8617
8611
8885
8619
8508
8806
8773
8545
8669
8702
8598
8724
8758
8643
8830
8704
8691
9011
8583
8662
8881
8634
8687
8714
8626
8744
8928
8754
8669
8779
8703
8695
8683
8532
8678
8829
8708
8714
8846
8717
8670
8696
8773
8634
8650
8636
8708
8836
8722
8820
8807
8684
8587
8717
8756
8622
8844
8537
8686
8668
8793
8323
8906
8595
8588
8666
8771
8606
8668
8630
8502
8599
8592
8640
8828
8678
8465
8780
8740
8497
8887
8588
8472
8766
8688
8834
8742
8806
8558
8832
8596
8561
8792
8855
8594
8774
8651
8503
8719
8621
8517
8753
8687
8694
8671
8430
8599
8746
8727
8721
8861
8769
8635
8720
8673
8605
8795
8699
8687
8777
8811
8610
8847
8511
8618
8730
8554
8590
8751
8480
8620
8820
8627
8622
8807
8588
8744
8682
8579
8674
8849
8698
8597
8715
8559
8752
8663
8698
8695
8728
8607
8452
8718
8570
8652
8768
8522
8726
8819
8712
8554
8953
8760
8577
8900
8719
8764
8875
8593
8625
8727
8612
8608
8752
8717
8650
8781
8591
8752
8713
8735
8731
8929
8748
8276
8874
8549
8633
8827
8668
8666
8715
8516
8657
8686
8662
8474
8802
8758
8635
8651
8573
8621
8722
8643
8690
8698
8710
8666
8667
8868
8725
8773
8719
8455
8903
8780
8587
8682
8833
8745
8743
8667
8550
8770
8644
8776
8825
8801
8805
8809
8730
8596
8722
8875
8579
8806
8662
8645
8703
8552
8572
8657
8840
8519
8767
8647
8689
8751
8606
8530
8751
8580
8601
8659
8558
8544
9022
8590
8805
9025
8813
8720
9056
8937
9089
9130
8931
8985
9087
9121
8934
9359
9154
9232
9451
9186
9336
9496
9222
9382
9661
9268
9378
9538
9581
9534
9568
9526
9503
9849
9686
9559
9876
9663
9718
9812
9746
9670
9878
9972
9880
9879
10008
10047
10242
10102
10198
10180
10172
10132
10415
10305
10258
10340
10151
10352
10458
10594
10441
10403
10462
10405
10696
10511
10536
10674
10783
10606
10807
10716
10789
10886
10805
10724
10844
10843
10815
11030
10931
10909
11027
11222
10980
11235
11207
10942
11348
11249
11142
11359
11320
11134
11422
11390
11642
11602
11448
11679
12496
12559
11610
11675
11642
11611
11816
11861
11838
11919
11693
11801
11872
11965
11964
11839
11944
11948
12003
12146
11991
12107
12143
12197
12239
12206
12061
12361
12475
12139
12263
12448
12454
12371
12529
12270
12482
12389
12247
12796
12706
12690
12704
12686
12730
12888
12738
12924
13080
12873
12633
12793
12983
12967
13059
13105
12827
13339
13134
13019
13123
13125
13195
13416
13386
13395
13172
13500
13242
13493
13449
13505
13515
13395
13482
13677
13630
13590
13770
13477
13712
13855
13803
13799
13992
13863
13863
13965
13928
13839
13895
13899
13989
14227
14144
13934
14114
14165
14163
14284
14231
14158
14388
14243
14296
14493
14335
14492
14428
14580
14475
14507
14299
14690
14710
14794
14692
15057
14764
14785
14985
14788
14625
14624
14784
14811
14849
14641
14719
14914
14827
14641
14811
14601
14637
14617
14561
14605
14793
14663
14730
14672
14633
14780
15131
14742
14703
14862
14725
14812
14792
14693
14710
14590
14675
14705
14837
14680
14391
14922
14729
14692
14716
14826
14645
14747
14650
14726
14700
14648
14783
14781
14693
14518
14670
14740
14562
14735
14700
14657
14852
14549
14396
14840
14560
14680
14685
14667
14654
14854
14895
14591
14628
14677
14497
14801
14719
14711
14847
14502
14688
14737
14551
14533
14673
14584
14620
14952
14691
14629
14702
14843
14602
14613
14710
14505
14859
14541
14638
14570
14764
14562
14739
14763
14745
14745
14448
15258
15483
14669
14538
14479
14561
14551
14618
14641
14584
14717
14676
14525
14629
14682
14419
14514
14649
14616
14590
14602
14676
14662
14507
14536
14569
14597
14463
14571
14418
14342
14810
14501
14499
14533
14619
14665
14712
14570
14466
14767
14339
8611
8575
8679
8563
8594
8666
8419
8978
8603
8471
8786
8893
8656
8615
8400
8707
8576
8563
8711
8634
8573
8566
8530
8620
8609
8682
8740
8508
8551
8551
8522
8561
8580
8525
8642
8760
8550
8762
8618
8371
8760
8525
8429
8661
8582
8545
8830
8419
8549
8820
8489
8647
8609
8395
8542
8629
8555
8619
8595
8561
8446
8655
8462
8534
8619
8662
8503
8690
8382
8745
8808
8573
8686
8699
8487
8360
8613
8759
8547
8845
8657
8584
8573
8554
8475
8605
8402
8698
8607
8737
8408
8648
8869
8505
8545
8494
8552
8571
8540
8529
8796
8457
8353
8767
8568
8537
8719
8624
8452
8694
8490
8343
8770
8457
8657
8738
8508
8390
8479
8726
8464
8839
8526
8478
8564
8559
8447
8586
8513
8534
8673
8495
8429
8690
8497
8506
8629
8493
8609
8773
8612
8556
8530
8770
8605
8662
8596
8480
8721
8649
8572
8450
8670
8672
8629
8476
8571
8680
8566
8550
8740
8532
8579
8766
8695
8336
7929
7337
6550
7059
9019
9571
9777
8867
8829
9237
8638
8850
8892
8629
8843
9083
8847
8641
8819
8673
8564
8732
8560
8782
8501
8654
8564
8740
8700
8456
8714
8411
8549
8599
8756
8530
8733
8497
8513
8705
8517
8449
8974
8712
8397
8726
8753
8476
8935
8591
8588
8428
8453
8528
8696
8680
8645
8695
8459
8374
8731
8720
8404
8633
8550
8345
8870
8491
8378
8825
8475
8503
8450
8606
8430
8667
8651
8666
8696
8589
8360
8760
8586
8594
8691
8596
8628
8632
8618
8576
8560
8579
8575
8719
8582
8473
8509
8483
8336
8607
8556
8518
8548
8581
8245
8584
8682
8380
8662
8592
8548
8709
8517
8484
8587
8588
8617
8706
8448
8452
8876
8556
8433
8744
8552
8499
8650
8576
8501
8756
8590
8533
8713
8775
8699
8722
8626
8524
8910
8581
8530
8688
8443
8434
8602
8586
8457
8815
8553
8684
8740
8543
8538
8576
8695
8301
8664
8485
8537
8767
8455
8426
8686
8576
8600
8578
8513
8419
8523
8560
8422
8616
8627
8394
8650
8616
8569
8484
8439
8515
8743
8567
8452
8846
8541
8443
8634
8543
8581
8632
8700
8463
8424
8606
8491
8742
8408
8444
8682
8626
8541
8565
8586
8540
8580
8507
8531
8556
8559
8357
8659
8727
8554
8803
8550
8378
8934
8405
8600
8664
8624
8669
8654
8430
8277
8779
8474
8527
8644
8691
8479
8570
8480
8490
8724
8573
8255
8619
8644
8475
8770
8644
8604
8631
8649
8472
8634
8426
8420
8681
8692
8535
8642
8614
8502
8588
8571
8439
8872
8738
8617
8709
8568
8294
8651
8592
8387
8853
8527
8542
8603
8616
8424
8694
8758
8422
8485
8491
8328
8645
8581
8426
8627
8572
8452
8719
8594
8453
8519
8728
8492
8580
8593
8464
8364
8608
8514
8657
8633
8541
8908
8712
8532
8799
8667
8727
8764
8569
8599
8724
8778
8492
8628
8574
8461
8758
8694
8696
8673
8685
8505
8721
8347
8487
8999
8452
8527
8798
8654
8466
8366
8611
8615
8446
8667
8539
8741
8594
8527
8684
8613
8538
8922
8629
8545
8741
8849
8519
8721
8657
8489
8703
8737
8569
8848
8719
8541
8838
8661
8505
8628
8786
8474
8883
8564
8690
8770
8588
8394
8752
8739
8548
8827
8700
8557
8857
8613
8697
8748
8544
8460
8779
8433
8603
8751
8597
8721
8761
8477
8512
8692
8560
8546
8734
8515
8415
8619
8554
8417
8557
8679
8455
8724
8520
8414
8624
8530
8544
8644
8379
8364
8768
8589
8561
8749
8717
8423
8758
8625
8591
8605
8499
8450
8605
8478
8463
8717
8558
8674
8634
8689
8502
8722
8609
8413
8606
8629
8439
8797
8584
8584
8597
8689
8344
8548
8501
8542
8708
8498
8595
8634
8530
8635
8650
8808
8482
8615
8850
8448
8617
8661
8554
8645
8549
8587
8592
8605
8494
8704
8627
8502
8800
8500
8570
8673
8429
8470
8603
8814
8496
8514
8786
8640
8669
8679
8565
8795
8515
8442
8734
8474
8588
8755
8679
8503
8811
8834
8507
8822
8474
8465
8775
8583
8593
8893
8737
8369
8777
8621
8414
8787
8522
8598
8773
8584
8532
8515
8613
8513
8720
8491
8738
8783
8563
8545
8829
8481
8538
8644
8605
8580
8622
8721
8494
8762
8598
8550
8746
8687
8511
8562
8546
8590
8421
8546
8583
8583
8758
8587
8730
8593
8654
8762
8611
8629
8714
8519
8540
8885
8439
8632
8564
8630
8504
8741
8577
8487
8861
8460
8376
8626
8615
8465
8614
8537
8603
8670
8716
8629
8786
8832
8621
8743
8708
8555
8686
8556
8504
8645
8639
8501
8746
8691
8682
8691
8566
8532
8640
8687
8534
8587
8832
8332
8635
8537
8370
8929
8654
8573
8666
8631
8589
8715
8838
8388
8845
8700
8599
8697
8457
8599
8869
8639
8497
8718
8659
8702
8725
8538
8565
8639
8557
8724
8658
8723
8495
8674
8583
8552
8961
8675
8488
8730
8523
8624
8721
8449
8647
8895
8227
8712
8748
8668
8542
8761
8639
8539
8890
8694
8500
8622
8605
8444
8669
8574
8563
8676
8580
8589
8679
8774
8696
8791
8580
8608
8666
8776
8591
8762
8506
8573
8748
8564
8660
8766
8583
8460
8668
8701
8569
8709
8641
8499
8709
8609
8665
8739
8617
8678
8745
8452
8587
8757
8722
8575
8832
8531
8705
8650
8646
8626
8628
8623
8460
8808
8538
8531
8639
8566
8537
8591
8408
8504
8718
8681
8482
8613
8648
8464
8691
8284
8543
8429
8700
8646
8772
8537
8360
8616
8693
8514
8671
8490
8594
8864
8577
8412
8816
8536
8585
8670
8491
8545
8815
8738
8604
8865
8600
8547
8578
8512
8477
8575
8460
8458
8533
8645
8370
8608
8482
8659
8538
8588
8468
8648
8716
8579
8771
8621
8659
8926
8614
8404
8856
8665
8493
8679
8609
8574
8815
8701
8581
8785
8656
8511
8611
8636
8341
8752
8638
8395
8885
8721
8635
8675
8563
8481
8633
8533
8552
8606
8457
8509
8489
8508
8306
8779
8673
8381
8680
8599
8316
8832
8555
8600
8559
8673
8445
8614
8605
8638
8718
8587
8495
8817
8810
8594
8668
8374
8552
8556
8871
8432
8630
8406
8628
8603
8655
8565
8698
8652
8473
8546
8603
8480
8642
8622
8606
8766
8496
8562
8770
8739
8485
8704
8735
8542
8688
8763
8543
8756
8756
8366
8614
8511
8467
8760
8550
8477
8607
8748
8574
8691
8584
8617
8837
8573
8403
8599
8744
8525
8737
8614
8376
8580
8507
8337
8719
8747
8514
8483
8730
8582
8667
8711
8496
8660
8541
8520
8853
8639
8380
8697
8639
8478
8551
8677
8407
8528
8705
8481
8737
8607
8457
8811
8552
8562
8883
8845
8512
8646
8673
8598
8678
8472
8581
8755
8530
8422
8666
8628
8473
8788
8700
8601
8829
8564
8543
8659
8645
8515
8602
8662
8688
8754
8519
8465
8812
8592
8462
8770
8601
8399
9032
8575
8378
8818
8560
8477
8844
8548
8542
8611
8623
8663
8813
8501
8525
8800
8623
8436
8567
8705
8555
8660
8734
8521
8793
8657
8558
8631
8636
8497
8639
8531
8720
8818
8700
8371
8836
8509
8486
8843
8537
8667
8805
8498
8692
8629
8774
8428
8825
8665
8482
8771
8588
8534
8716
8606
8555
8624
8655
8785
8895
8343
8842
8841
8889
8657
8785
8669
8569
8750
8614
8444
8752
8528
8448
8694
8677
8552
8987
8680
8509
8637
8593
8504
8657
8550
8463
8691
8573
8620
8558
8575
8485
8439
8392
8405
8804
8641
8563
8590
8729
8561
8590
8508
8458
8586
8482
8633
8668
8323
8635
8589
8607
8685
8703
8570
8416
8564
8601
8452
8841
8732
8486
8759
8459
8467
8494
8603
8452
8619
8530
8453
8754
8513
8654
8698
8539
8357
8791
8534
8574
8597
8698
8487
8793
8446
8501
8784
8636
8612
8609
8452
8435
8585
8665
8592
8689
8563
8697
8748
8562
8523
8706
8525
8462
8666
8565
8482
8687
8411
8558
8662
8473
8519
8761
8646
8442
8507
8630
8426
8662
8412
8585
8668
8613
8608
8560
8647
8586
8580
8554
8573
8667
8509
8451
8721
8622
8410
8691
8531
8637
8639
8746
8555
8754
8634
8684
8744
8611
8658
8652
8820
8522
8838
8643
8347
8883
8691
8594
8642
8563
8558
8662
8514
8671
8745
8601
8398
8537
8524
8484
8616
8531
8345
8527
8472
8401
8746
8728
8586
8779
8789
8564
8848
8760
8728
8806
8768
8866
8850
8976
8824
9198
8984
9020
9166
9037
9065
9309
9370
9158
9335
9206
9128
9428
9426
9480
9517
9392
9466
9568
9599
9532
9596
9569
9445
9782
9674
9666
9561
9763
9698
10135
9793
9725
9921
9993
9910
10029
10318
10077
10292
10262
10021
10319
10301
10123
10561
10306
10110
10284
10405
10102
10509
10419
10275
10560
10558
10583
10766
10816
10358
10752
10806
10806
10824
10680
10640
11036
10869
10862
11024
11011
10823
11200
11118
10971
11067
11126
11076
11261
11352
11169
11348
11463
11369
11255
11260
11177
11586
11383
11398
11463
11466
11341
11700
11625
11883
11766
11804
11704
11872
11781
11723
11812
11876
11931
11978
12012
11783
12013
12072
11983
12370
12252
11791
12360
12093
12289
12417
12313
12256
12340
12432
12178
12403
12323
12379
12489
12241
12443
12686
12598
12812
12689
12939
12543
12884
12750
12939
12839
13123
12897
12992
13001
12793
13124
12867
13145
13235
13117
12978
13037
13302
13153
13345
13305
13048
13466
13287
13233
13567
13408
13283
13400
13444
13446
13591
13640
13536
13775
13764
13442
13690
13677
13508
13847
13784
13809
13950
13856
13908
14045
13892
13725
13726
14152
13801
14151
14060
13920
14273
14092
14053
14294
14198
14118
14714
14325
14223
14615
14550
14509
14632
14542
14247
14551
14619
14506
14610
14696
14474
14452
14807
14631
14813
14646
14541
14766
14900
14518
14660
14538
14502
14680
14795
14836
14659
14865
14703
14647
14615
14553
14684
14607
14635
14928
14920
14683
14627
14891
14559
14580
14747
14547
14692
14538
14542
14725
14607
14792
14800
14510
14713
14962
14755
14501
14896
14761
14582
14712
14559
14355
14496
15030
14521
14729
14660
14489
14893
14613
14473
14666
14651
14479
14769
14877
14625
14795
14736
14661
14642
15008
14614
14612
14556
14403
14792
14636
14455
14634
14467
14614
14654
14693
14596
14887
14735
14501
14578
14575
14528
14704
14446
14656
14671
14576
14491
14653
14569
14459
14508
14753
14490
14518
14607
14541
14611
14634
14543
14612
14766
14526
14626
14451
14569
14525
14517
14464
14792
14384
14373
14527
14634
14367
14670
14845
14456
14510
14562
14424
14443
14716
14457
14525
14623
14331
14613
14456
14409
14503
14395
14576
14608
14464
14558
14577
14372
14581
14611
14201
8292
8713
8467
8558
8703
8340
8483
8627
8361
8401
8461
8665
8443
8619
8418
8463
8565
8551
8435
8660
8615
8395
8898
8739
8503
8620
8536
8405
8644
8379
8482
8710
8676
8379
8563
8619
8553
8537
8514
8443
8509
8475
8489
8613
8598
8295
8649
8518
8549
8673
8416
8318
8632
8356
8501
8540
8456
8528
8542
8548
8432
8777
8426
8346
8546
8520
8239
8582
8658
8442
8529
8437
8436
8556
8602
8502
8531
8581
8599
8624
8596
8492
8567
8622
8379
8426
8431
8403
8764
8425
8502
8737
8629
8800
8718
8604
8461
8555
8470
8508
8327
8559
8296
8461
8641
8563
8767
8510
8475
8566
8642
8416
8684
8610
8606
8453
8503
8358
8762
8504
8636
8719
8531
8540
8546
8651
8491
8632
8553
8734
8745
8613
8501
8484
8595
8482
8682
8550
8545
8701
8640
8576
8611
8565
8316
8564
8376
8505
8669
8702
8423
8539
8680
8506
8564
8761
8465
8560
8646
8473
8677
8617
8425
8514
8636
8357
8902
8493
8502
8598
8711
8549
8612
8598
8422
8631
8362
8542
8661
8553
8513
8624
8660
8548
8696
8678
8500
8576
8559
8554
8601
8547
8485
8531
8800
8527
8609
8548
8589
8659
8709
8588
8648
8511
8483
8459
8485
8384
8619
8646
8415
8524
8591
8367
8509
8598
8536
8581
8536
8459
8550
8495
8598
8533
8498
8457
8678
8635
8444
8577
8629
8439
8281
8580
8434
8722
8471
8520
8600
8485
8518
8569
8509
8488
8601
8641
8350
8653
8704
8572
8544
8555
8458
8619
8545
8590
8745
8619
8486
8540
8651
8260
8604
8498
8338
8575
8507
8586
8505
8476
8459
8576
8514
8385
8639
8635
8512
8498
8600
8502
8709
8518
8425
8450
8662
8478
8698
8456
8273
8586
8479
8488
8381
8471
8460
8617
8545
8498
8666
8655
8601
8488
8399
8341
8616
8567
8406
8598
8484
8411
8461
8522
8619
8514
8373
8352
8682
8430
8503
8616
8545
8411
8515
8563
8368
8551
8529
8418
8632
8515
8470
8517
8541
8386
8572
8653
8449
8747
8672
8366
8763
8513
8413
8653
8575
8353
8605
8644
8514
8495
8616
8579
8650
8428
8400
8550
8515
8322
8619
8629
8694
8585
8860
8442
8772
8612
8450
8552
8674
8467
8818
8603
8405
8618
8548
8459
8846
8802
8618
8875
8498
8575
8565
8869
8396
8653
8410
8361
8576
8557
8435
8458
8507
8495
8368
8463
8443
8676
8498
8511
8570
8453
8439
8602
8468
8405
8549
8300
8503
8516
8421
8564
8503
8473
8515
8650
8322
8380
8904
8754
8305
8726
8565
8361
8719
8485
8478
8558
8534
8468
8665
8556
8484
8665
8622
8608
8563
8395
8374
8635
8683
8513
8710
8648
8530
8535
8391
8582
8725
8529
8426
8626
8670
8380
8674
8559
8472
8527
8581
8596
8692
8522
8441
8599
8619
8519
8526
8474
8376
8560
8480
8568
8649
8492
8465
8744
8652
8541
8525
8484
8355
8521
8476
8400
8464
8640
8733
8566
8529
8668
8742
8566
8496
8674
8521
8534
8809
8561
8628
8529
8494
8477
8630
8543
8445
8683
8499
8384
8725
8493
8402
8686
8511
8467
8575
8415
8481
8575
8524
8469
8575
8534
8340
8846
8547
8456
8650
8597
8310
8698
8452
8460
8796
8656
8610
8617
8653
8492
8650
8658
8498
8697
8700
8582
8653
8414
8515
8606
8436
8221
8698
8417
8427
8638
8588
8570
8826
8648
8586
8442
8629
8327
8529
8295
8507
8737
8731
8514
8646
8387
8478
8472
8558
8422
8619
8549
8475
8510
8491
8441
8767
8539
8646
8653
8599
8626
8665
8587
8374
8580
8629
8378
8459
8523
8329
8450
8596
8489
8544
