432884944
481235302
532004742
589234269
600593561
579391806
568316051
520859391
534244814
554397182
562484552
370113771
430283984
421736453
474838266
611829145
610208352
526396553
616690081
609391470
503367878
503331307
530228103
509674523
516154255
496153556
488180618
422830311
503579179
513212764
565304081
543068412
528424394
539843086
553066133
500180463
486081163
483853370
494978210
497933188
446280313
442771081
429788653
408477692
407278091
424603329
557656326
439955833
402624382
403191507
409416267
450462634
415066250
403768375
467565996
479722379
505499565
513104722
345198339
490547334
521998258
491785561
522819201
494996048
484743371
543371419
567646567
714751674
499590183
524729829
520668570
513758088
528110669
508371862
525331706
577003137
558852242
448343092
500980308
492738234
496539571
499816500
542360676
611237580
507205201
389713118
424607974
447834767
438567493
464904862
499212599
498801448
531757884
502918967
497303536
493328641
497367792
497245062
473182383
509790153
488105526
402424530
418211936
495674860
539100757
663013825
805036082
511324023
513647040
446780667
476619352
487220969
307227521
423125460
418361073
449532209
440329225
479966415
442158725
440341109
428996556
522119362
424354858
517281491
506297531
364563485
445944154
430727523
473103563
488255350
438574769
514008495
509853833
504452349
445010385
428876786
462776716
477232826
488979225
486394420
471726283
487839207
500134209
432174525
451635031
69425795
67128634
88017700
94513022
99500368
206399169
237257422
249713093
190403607
181165790
83050481
68892616
65023294
531413467
462307043
514081962
213376777
61251539
47699570
60776190
61505865
47836147
52683341
52084411
54083008
59374882
70823726
108588146
63696577
65836681
83118152
46942594
58181613
67238901
47578995
65642806
39602045
59917612
54664019
77679435
76470353
110316998
42877098
56788071
69215136
59641534
61976636
56052198
64653310
58889932
66344493
51851305
61130623
59300963
58336594
262987775
41105725
56812798
48953967
66679140
58787525
118985959
64966010
85835551
57456308
61308688
77196121
60172370
60662525
56532434
63495294
65439457
143156956
138607550
75952964
47300372
67603635
60437356
68174805
75920568
79455991
65464483
62300859
66249695
53805082
90727363
153119697
187199370
212616252
231594231
334269569
383472882
386065163
404306306
405849437
420874038
429523891
436381385
470318309
483451644
366463100
487642303
472305868
459538938
481676342
491228410
484182813
478982181
483001288
483495721
541604522
552648903
580667270
626654393
567425984
589074647
594252001
553326143
455232477
555287203
390653798
459793045
468133001
429044314
2350266303
1076682232
547847209
511758742
440094229
419291604
505398829
502055157
507699972
500606387
523112520
496531692
448122064
482052337
496161381
506189735
507906635
525804273
424763833
431858293
418320653
418724754
416402364
430650434
443208550
482747712
506698514
525066828
520939855
438572419
439676653
461233528
528919945
494748614
386415802
430898887
446870635
494281743
514165571
491345880
489961016
487135782
539335240
336766995
377973920
506181931
439741383
449670861
470253257
525300880
414049711
428414287
396663624
414279788
421131468
333373582
495496799
500691753
502985365
157911270
225366850
429316540
424941514
458627364
435178058
451895601
387313224
489089205
515877731
497746940
526084546
491794312
488067084
494749458
492659858
496154099
509863338
516781036
495887565
501504729
511909920
503285244
499587891
500233871
495693479
508262632
493973012
481805739
504785425
332838962
424692710
476017286
424903834
544841668
538232993
455612620
508633558
547285009
511231342
523385706
527078574
494695452
485064145
494428184
506973132
539647254
485774027
499650843
507980672
502760093
273067377
471123075
442364844
437504665
426793868
405659738
472854666
498188829
629314487
545271565
487676102
428675022
448086713
393851962
442098921
520006375
498039369
511713414
466066787
486147302
394265633
420262433
312997919
420938543
424447837
413283090
480581431
501248199
481912058
463902920
96158561
60829749
78424857
37395632
37216683
52062278
107955927
226829197
125058910
132282532
139261746
143479308
149647183
125235735
131830850
153998868
267626345
310488960
542868323
558754880
592649848
596592870
508125356
515757565
591074680
501319695
543072882
506966612
490859687
593714371
587193053
565318912
506318908
490352332
511926052
655144546
464613861
426843676
475519365
494814258
461815144
483190426
510483936
491460875
500014086
473957851
338948916
521700469
497924490
49100731
75443674
49223963
44202877
376453593
51663104
86666504
186035406
165901865
596231639
121646745
397694782
166055705
63233690
70048978
74152698
114734617
241386134
364061647
107829554
116839427
116869494
1197436513
129366765
115704666
109100052
39979074
39012657
45301435
65191168
49165165
58006337
53131620
47394889
76735092
73257455
78686107
83264162
51239588
74095549
147857354
54491367
63648940
43621023
60312827
52175744
129900417
65506692
62252493
97648751
84083263
74916357
119122131
75627192
96943119
142866927
82321717
61945267
48838102
43475937
45211836
61343583
35386120
37948488
87629584
77035003
74727366
213979690
67558600
77512754
58306655
44224476
36833572
40545142
42563484
29862158
51337435
44548824
36413598
44505453
44396479
37626166
26291824
47500095
36130069
51987929
42821020
125883142
81164407
53686119
47262676
33423847
43212165
42034381
58194792
48051538
54437657
81130251
46335263
39232390
45320850
40730736
35483038
22922078
39088828
27851433
49229891
30017592
35255556
36910366
36834049
46863496
40309737
66100193
37347233
40563960
38477638
41449004
62666105
36578315
293874694
39640078
46299442
67425669
48778238
50436175
63593903
52104278
47583558
50796786
145989552
80212740
78368327
131555585
98417125
41042963
49153318
58674622
101554898
231776262
209439356
136296489
164987067
130292285
209371435
157786847
104619200
80972297
106877940
72801045
48349340
62874159
62738257
49190043
45420439
57659593
62985220
59905278
108630917
117459811
138637703
55292117
47793312
50022741
158311306
41166670
78235794
128927491
88876627
33796305
46206122
38660575
29820333
41610092
31929943
161979363
55981384
45723605
93895074
39068076
62488648
35496933
48229419
52807746
38005932
63591743
63415549
57385935
39999348
47414862
39499287
38540476
40637675
54868719
464933640
109269965
84298549
51997615
42204541
46896214
128962919
48664696
61219609
28017275
39246662
63817527
42948175
48156624
430125076
29625482
38157230
52473322
47636380
65997960
67822356
49939826
105300602
211059761
63388286
67410391
51799166
52360800
58631242
50081321
75841383
65394300
88607872
55818395
36422492
330212858
409754163
403251677
167192294
33111142
32550232
24652905
33351928
30284391
55210166
104851275
117814383
125041339
94809209
102598826
62343645
93093024
68338951
75063535
84033293
54420179
44999561
28448739
32245635
44570232
26435739
32957504
91100767
38845719
42903689
65491518
56934646
79308090
68401138
31779929
41642300
56220810
49177366
81392150
88164109
47311939
58027357
45831419
54511165
39652062
523434112
39605833
627464162
125550002
28356286
29370726
25121169
49145642
44048657
43507687
40451246
35655879
59801871
56973867
251924089
56603530
58380717
80286840
68516250
60383749
54160724
53484187
42064479
35589518
47724269
37265099
36138603
59858802
28041736
73942415
204996852
69956769
55712825
33080347
44348090
54276571
45337482
55091606
108638694
104788795
252604714
191545705
227912225
177525361
66942222
37654978
57905222
56824173
37794977
54396990
67082804
38137301
509674479
24992439
15726531
27708439
15432558
31939784
40771176
23533512
55863164
51862634
36676316
24636348
488046919
75208070
72438461
128338338
66157983
53754105
52384868
90422369
66420326
57955538
115583908
102607578
151332134
72703133
133058412
110115464
71598737
74170416
161200433
127247544
87687456
83852359
107854668
53764212
59035537
83779275
74230662
74359450
77253996
115310106
128954035
99543151
53496406
56276097
62222077
51370840
33534215
71925893
109740270
94503567
116987074
59157113
77411042
76609638
60906295
62749462
116290145
103728533
118298616
90737911
344044854
1589587203
382492990
133446971
272199983
291291432
509145233
111863087
68112481
66720208
111549998
78181855
54084409
53443629
65807653
83393770
54976855
106304189
106704406
104813740
65482411
97320800
95313796
63406320
125929585
109790772
132047494
102583906
94219421
60870515
41360385
76926542
85857582
70156222
90309976
100713580
92138191
75353105
56602290
64038205
60204012
61846839
102317652
107112824
63018458
69455947
59169671
96446555
65389787
53351210
62409875
62671606
78747656
68986166
76156721
83573955
75941097
96410756
46360967
46269645
40051219
52776071
57012092
56494619
100327783
187231569
127006853
84256060
92650635
63521262
41455636
69712766
124093575
152903054
168844153
105294467
88956109
109398770
62395061
75915717
130868069
83455371
113081569
71036940
106925966
82468201
84472579
105164809
193535857
125592560
98640433
107849385
72017317
74488618
92616226
86635273
116158200
92644271
72468362
65836487
82107032
113587709
164649537
122302913
124136251
69855464
57206833
80740688
79712215
94427464
94777987
93991445
73410146
132553849
171333457
137632390
135774520
141809747
89224015
88279744
83806429
76886907
78797772
118658257
90021040
74268383
60196198
54562155
60054178
58253642
51888307
74426092
127088960
104425228
98250201
107703142
79140401
110787795
57804023
75204041
65238705
59994707
56388785
76694852
134353298
111460328
114251712
91592932
115092522
77784899
80775932
50578605
46002010
70126867
79361677
44681669
51632024
41701629
64216555
60621323
45953421
46507854
40799908
36536163
53079176
37562058
44833069
47474970
56978393
47947308
43496311
47942446
67458473
37366297
39768959
85362965
68677761
39119774
68767192
132874931
134627039
138733859
139045733
127735730
125993869
44056712
55289569
43326816
42084143
45652016
121344428
106242037
60289397
47872508
52908740
213575425
72531181
65577130
50311035
38672409
84178617
46539962
40748507
40553970
49951384
129709517
39883594
47710845
48830488
43207977
49192290
44995186
43317571
40231120
43522662
50217014
49260218
53256497
53660424
104065782
94524710
116314122
95693741
92768167
118972220
85648248
79789417
71813612
134828075
112217731
83022654
118310682
117620995
51380545
42222497
150132744
116744943
115254184
128269993
113187334
177081872
50698969
65910451
45215326
33974692
116468689
60784272
56535099
52726120
68162186
53306413
57072648
61435714
44455367
50420100
55554000
53764957
36962301
37758230
50963124
47350771
63280036
65355773
168583653
319059346
107377823
51186131
38607072
112022187
44311181
50461070
159673960
50713749
50345213
196365570
96060833
48091989
57623471
41192611
48329624
53913098
64890223
34043324
37573768
191037750
196965632
49985478
36242981
92496741
56512678
41277792
48092734
57317376
68167041
78512342
65842935
83379596
40493182
78249263
61989033
69953676
129977608
48732042
76565518
188960594
36494562
38419333
60403208
97285410
110241198
102769611
151482559
239655563
126130049
71286539
276262053
677671362
1164688112
1076433576
109158455
135537300
144020685
118485058
98296560
59304942
215640280
235971098
187784853
103583654
101320740
77597059
27332269
28934901
50684073
45331960
39682664
47729000
39080097
34093006
45723893
28203116
26358844
39677996
50854206
56509455
61303784
92211229
45925907
51807706
113733115
60659034
82189579
61380569
60272879
64361112
111883635
91031404
102581453
88350601
64922643
63268122
34834655
122403622
168093414
175908385
194644685
151689227
79167296
95337578
70103619
54092118
48379138
57613016
64305564
67478567
65447663
68498034
53660283
83707451
54728579
84907950
80372482
41580784
37848462
62899254
92057622
123141868
85869519
101906786
143219877
102003017
104849040
109004598
64782303
81414647
90361114
51244417
47441183
68113571
44827965
61807195
165304666
134864234
912368181
1493419230
1698992514
1779666965
2080357558
1964508251
1342950173
257095112
128445429
102467502
126246868
72390178
145876110
72953263
82937775
131587293
116336028
110297865
103365954
164549601
171473349
149045592
155906902
147031488
170358822
77860606
70374009
55954904
56109352
99001157
140911691
51847728
58862125
98879569
45778250
29612520
109358333
108275724
84671717
345785376
118567421
42716202
25398178
98259106
57410377
65887826
153088288
55857970
97366266
71856543
116246082
222570191
173392114
219739355
235715157
68517619
112082749
36213740
148941855
162751145
123497264
98956252
85437786
109672363
50766892
50576116
45419773
2762936787
276165221
99891466
111508358
100112296
87119292
137541365
136556551
139036259
143770391
175694265
209512867
92900764
141787428
81959965
39930338
62199147
57361835
47049676
38114837
28699418
53892127
66631178
593214390
1197052371
251609961
463679897
191001797
59463461
85170679
585699071
358241236
49666454
146250107
118701260
102035239
509342830
210301707
165800153
84865749
44502503
53919474
49720482
24305618
65273279
111205818
94270699
99462055
106326516
82799947
166970690
254159943
245378021
287837327
299313898
188784746
165012022
136118006
386009797
156855773
142672860
147711277
144029483
153460206
155956626
156496173
283807050
204222887
190718498
179473546
120090325
120280823
126884254
179723534
189440751
232184792
174568431
160552192
112479105
112551154
104386229
96985576
100196998
115212638
181762938
266090932
183289215
136256924
109223419
126532050
73985646
77704735
95424802
40632514
270189936
26252419
20694534
22007954
48260615
130681559
133922323
149914471
1205989011
64547016
65478845
72511763
113146269
100382395
100660840
154321569
117896568
102342877
101215552
42804818
90412511
121991693
102466088
92940533
55683624
41870791
44161702
38348548
38636697
98482527
104152130
102790725
123143841
53403946
44738236
31398088
24476059
50021110
83171653
87579638
60542148
68597404
84932628
76268079
47723205
75146653
84863957
84407706
49635824
34853135
40063728
24621942
34756660
30551496
106229089
54336493
51685472
100574749
105377556
97802680
81295447
36891962
46813949
45606663
43905450
106035489
106451710
85444555
144747737
46572529
42019249
64660122
307179415
46207042
86599076
42555353
43763665
72525130
98811660
151420555
136682702
197220867
248764475
261178278
177104771
210537350
230963821
220605726
290218934
222094221
149265785
123404928
39748913
55796764
107777044
66664775
98927422
119267028
95351708
49279438
26865852
24075227
21167112
28657647
35586400
28945325
31233473
27728112
28502927
26867941
27408882
30616685
22125072
27457444
46606994
23794191
22000182
25169528
26280757
43348532
25867236
118085323
13237129
27336698
18979600
22314785
18138924
13340710
22300695
16706766
15867319
41840665
218612567
449821908
118619534
30085095
30435620
33796052
32713791
40063791
34005597
30909248
33567750
36271245
36510442
31131477
40515182
29444689
37394345
45090221
49566443
41035143
42638386
46680084
71850345
35754130
42310095
32196654
44271405
45649696
36723265
37930494
35186540
48745229
58885324
50034105
53753286
39342089
44834892
46138838
130574850
121915305
100494344
100674782
107520002
109538665
57365962
44342818
53686454
108584914
39800427
50132023
99448473
130681538
179195090
192125407
159722520
47377711
25378884
22399242
108281624
69447373
92215215
118308229
154379609
97278579
51839257
42223749
73267654
111693018
177818254
152638287
166003169
111820109
42508374
40226023
102077317
93050126
85941177
72809970
53695129
45480016
38674082
43310710
30654470
35391596
67305360
106991039
96174769
155652504
81704388
32179695
24980126
48435753
101666673
111507353
92408838
87698628
92421564
79269304
128464964
205503499
213970020
173840389
136837494
105466512
79724774
58475509
41868825
67907631
118346325
116768883
122689663
104632807
137942495
70413792
63844805
46396652
35732188
126907445
38222832
63955270
66034580
66626070
87292307
128557424
75847214
62313699
51298934
40067676
43443887
33180940
25963384
34906757
27955700
27527567
25154221
36947560
24162256
101939234
33830630
39059654
31429559
34574441
34309950
36463489
42221354
60590993
23167591
50017635
78191091
25829148
21134499
25518466
29174993
41815073
85132408
130855303
163757732
135967570
131016165
95630750
90277255
84833155
138747613
240766622
223692616
202657724
172604401
213395521
188227804
169844802
161949080
153698843
159275309
273489473
291387165
135656659
139861822
128822009
130536821
132458573
119229255
124033196
136940064
123662756
118990026
126377878
122639859
134116372
87395460
39566747
45454342
40977611
38851134
46774815
42454682
48576140
59241129
81198047
109524943
130479342
104579536
108420729
97901473
98508389
74989315
112335182
205449766
297383385
287159921
189664153
131376445
172827001
295839765
141501903
438843624
359396216
497556578
220053249
116091968
102904043
48804103
39513791
35919457
37807725
41290216
35699950
40013750
118723724
34846315
95227511
61487723
110702718
41598938
34624502
37487581
42835611
37541374
139432250
44267033
49449441
37925748
39646863
58214869
49989948
38295060
33778579
32464004
39730415
99813747
299158070
46492353
42419005
32972630
50024048
49257716
70566960
64799871
38380577
55615285
56110255
54948933
57460211
55975784
49400075
50594075
63885637
136905104
104940832
98178345
91463451
72560533
41102807
49628491
54698168
50987713
119839572
70520384
92020332
54024420
86773271
130270948
177096402
102923902
107361942
99780958
141696790
115377956
101042511
105731019
109367515
121442549
110858004
100108308
125436368
114721058
113229051
111372081
65506290
94646887
66708273
129510597
180104827
118825553
114961028
92191642
79790337
78925826
79984634
133458964
136912684
126853978
137844160
85561544
133934030
60871093
70754400
77972902
69300489
64390846
47904786
51395802
126012984
111326693
121467677
115518783
89714653
365509301
464510138
317723420
569261021
398384539
203956755
137562017
140913451
125190088
127009088
86647617
90970212
145662534
128726517
122355264
119858978
107704524
49477270
27099588
59496571
113699309
113479364
66537681
103492984
63513830
80397677
72137164
72714718
61953266
129022243
128200370
69943309
99949814
73816086
53631121
55667073
40616081
98843099
481999854
48581684
79593978
95138758
55528932
57849408
57475905
130275458
75127960
48587817
81490655
86144953
35038506
24831439
34231867
39091471
48700836
33544041
50400268
96140996
47276561
51870382
66930843
53056841
38460859
40425945
46726433
32474755
31972616
26848618
41937744
27413885
32165627
45781060
54939691
108471747
107370234
97616053
104096909
89301433
90486639
101150495
98515072
186630923
171173684
102733702
134149991
151312885
132113468
36404437
57030694
53014725
84095098
92008153
83482376
82542805
114099305
88338753
58189444
69147675
138748878
146815462
156917623
105269396
173321831
257972882
263564548
268448963
337360587
80937865
46120787
51989246
60018413
115992588
78718476
108039821
112948611
95856353
61369589
75200294
69942504
119232339
76331605
90251912
106486727
90647585
94479436
67538118
95674631
94164379
86560337
91843859
81660576
27352794
26384063
35915202
59530873
133156698
72103073
52147429
85379988
35228438
55624831
47923480
84657418
196414356
355141577
61026019
231504575
410540166
116653583
286309135
424855579
428621297
442556653
59014778
359678024
142320467
211364155
185590776
185878354
108076797
145536696
156487381
109729026
69130208
69749449
92185381
108353536
92402052
57332274
191167636
370432087
306628006
326960554
270544065
84111957
25351389
36843650
55117102
319148743
386142676
439717035
369479801
340607629
310466845
144642792
138725567
87646592
78524531
72466021
67877720
76301393
77266000
82913737
83665985
50596791
44472933
41638394
53919423
47576590
48833280
88756644
83618698
75296970
53924904
83209388
45269135
48705345
78355852
52818694
136925176
86120688
130666685
202242136
497020676
357883351
280676117
82546437
87744922
42887297
55294701
77825074
56326718
38951530
47355893
53674687
58914600
72990764
72630297
79527851
57439802
44357524
44070290
32874386
35314455
35532423
146066886
89517340
94821628
102729134
395467476
65452964
57672682
476765868
388920030
118246902
119731097
604689287
425261967
95238143
88854908
242825273
673698456
721201320
712861724
732126351
664960441
657197553
451245804
460496961
535362655
489664165
174316088
75409225
97372302
102561866
70508404
121268737
111447948
55720245
49587138
67210038
129335060
408231463
89576246
144135423
228317154
503495415
93181382
48497670
339791084
346934664
126005645
130451473
107184918
109393355
40502898
51578911
96983361
114354909
51740587
41376518
29176241
25752496
37489741
40415783
44774418
59543459
110096764
729331372
282846559
36100367
82604944
46998451
31725153
33473189
34743009
41622261
77202385
111212028
124504576
107579295
98778701
56245355
62460116
67283637
65613470
52402612
55661492
48115391
48837630
88003255
48701642
51020798
58865555
29972682
33116947
29691828
32901833
59010118
38285016
35878686
37209824
30188811
99145871
59112701
185419303
186726418
208496256
1036137401
334700268
182648737
238335230
195569531
1110404686
863921223
247422279
103368205
111213456
637251235
951347963
245550428
52959413
83337017
77489824
54406779
41741932
67088931
71166224
60234573
22529790
31409974
28317865
48145943
55048090
63485010
73249704
58203692
63474092
26691970
36456359
27543885
182287554
299281835
144735121
187236406
146762559
231470315
162061856
97984577
128388346
91962713
55225942
35605670
136601403
305420090
72469334
388893503
521094663
163706955
223761242
80813198
33542747
144059415
255779279
570820556
462166218
325914900
281734041
147938684
256807909
463862633
104447732
148371683
642139196
249124885
148884576
221783464
148560885
76392927
58870196
160179602
562821884
133839099
99679677
101585015
89664898
47044650
33897671
32101860
98598164
112740874
136223711
129488318
121727217
61308589
24632953
37788924
38418053
29506455
30315910
30261769
27141291
48125431
60936210
51756519
55325518
45801631
70013975
147164318
240891787
138049376
136117677
161127181
67177115
137986801
132689813
127070594
168971278
162602816
216555357
273776026
233468147
225658608
128156491
174793682
148930862
164160676
164999198
193236059
129174815
103821461
39551890
44296192
46947696
38697134
43424435
63554258
46824555
51786081
41190740
41733234
38972671
44888104
51482914
39151921
42846837
47289970
46529200
47013543
44346462
52442416
85394992
102160477
208825857
125731521
43849550
146386683
131159589
68533293
129720385
62935036
106391148
50495126
60988110
41704295
30313841
24627957
34781124
40929816
33784290
24205895
29797276
35518689
25737025
51347527
38903185
26228761
78513708
241225624
237920024
239884297
89571288
94991515
92995734
99683959
136471072
95484219
87167034
96308215
88334734
110798965
86894535
83687844
86634499
103426505
93655970
105309206
115855108
155843304
83168522
82739167
89842456
84860054
91465476
76056377
96417359
103046217
86809339
99276646
88172266
88373943
88563182
86989078
82180860
83451815
86621487
92435111
82309356
73801590
171648888
82286872
81523270
82911478
87256531
99318646
86392028
87678482
133878193
187809506
137808709
104427390
250471576
237574611
92452418
76423292
69947300
82980019
83187701
80332490
120380505
98165762
77011475
83858716
94497054
91287861
91270662
82313959
91079965
100073171
95668759
86643389
104714805
84461123
189156422
82847833
80483296
88528166
89285154
83188859
79022059
78071479
4374931227
129331940
77243295
97600118
90662623
89264547
77347202
100288234
93327022
89933311
97626291
87425289
86894016
88619608
97596665
85036013
91829811
87949490
88513790
82894823
87598869
86929247
85515409
92100632
93273573
96195320
114441170
107234730
114441590
75289396
136020717
183076838
316355245
818240763
662001165
473784122
431363208
85666032
83146367
98052521
339730837
188894341
21946853
28879115
29121934
30835463
23414510
37383391
67189873
57536719
28225533
20231745
41417283
19543362
26698403
21826640
25039361
36114472
35863993
29097676
27464349
56981943
61944992
121656913
45372463
29260447
29330020
49153413
68796052073
34039623
60568545
25611504
50100940
47511283
27693473
26072260
28913309
31941684
78262633
56590837
20093609
51490989
40325963
33110249
72562036
35685243
30855723
27569181
42120904
35119098
71690247
63666552
71841955
80143103
76080456
72171778
68613495
61521464
68523446
91212126
64791663
53504102
63758137
69604868
67370899
74230346
54274904
58179944
50982477
65117447
49264121
47563455
44441745
47225577
40271122
33606181
40096758
139047866
165995061
55564288
52953536
65385748
70576605
60565027
54574993
75068618
67852156
62240532
67578658
50803423
53698416
50308195
46237538
65254167
45710017
64763421
59925294
56013807
42359087
39042302
42152061
71406156
45415472
29545735
31156492
29133487
38731592
35042398
33450438
46902938
37878624
32510290
114500217
26086562
22267411
28130029
26649717
47160420
41203943
27082809
28315286
26415505
32533485
28538354
37289444
61890023
32444632
24156820
23340645
36452873
26587061
41880495
32804264
45851715
37791601
28916627
30201040
76244545
41101777
41965935
35355023
59851416
29315479
19376447
32108991
31941332
37863272
62844173
37375145
76426536
30592947
34700373
37554092
83877781
72776552
77869660
69916240
76395461
53596004
45761000
53985851
51694967
46068211
59012277
54548366
53214477
91044712
52961569
55085031
59524071
56052745
58242484
60407183
56619086
57385452
54933349
56193104
63079446
66793292
57549023
59794105
63630859
49608538
60911006
102606722
57584822
50960794
53699838
78605049
73962332
63148467
87925883
74069232
52391066
64613895
55480421
52670955
68311354
608997905
119512936
64261859
60109049
65111856
84747604
94892564
169977146
257030652
438673150
533951589
524041045
509781241
538629538
535211266
534177967
535241354
507251524
506259629
481697698
417565775
417745188
469816833
496925147
509949475
494424182
506479494
439234687
512786799
493916956
466204822
434715912
502823948
489263656
422829530
329803870
403229003
613818231
616595107
443543601
493133051
493650723
432608169
484086659
497448039
481481961
479562661
446051820
301484568
489173733
445183868
425004252
436419448
444726440
564122963
493777314
538619982
522782178
498771837
478745091
446639983
527995890
481193632
474903901
455770694
488907243
377694262
395919511
397824379
421560589
398726841
411954265
317585118
408029037
469145558
545073629
469638950
423560957
421742209
444788684
515436381
501085044
503743738
498839419
477491711
484018022
478198316
487289722
471407584
489707200
601658623
518516032
473978944
481914273
480180671
486012731
486557462
319697601
380629106
418618155
405065649
503383447
492581010
487297706
471728722
494750311
474815039
497907742
495586582
489031573
290319610
505201916
502741725
501829408
467436317
454467415
528750660
497798608
506628227
470183918
453489773
457925424
397920903
397017427
416858673
470777820
494414662
389924403
453221135
469189797
464482661
473121617
500087379
933240436
414700699
312997330
402051496
394118501
449047506
476673238
461103700
409351456
458376336
474069840
486779670
489539983
459778617
550464242
527354876
575847130
538375465
514021735
522366830
530242490
518520002
350994898
556495898
566159491
567535930
556730657
551381510
528047075
525008333
516970013
466736583
521102295
484181200
522995039
505645765
517656186
517646918
596379161
543082270
523859536
519960232
498707439
508373184
384525931
234412343
140607601
124795931
125470126
105002067
110290382
114305292
104345366
105975014
92849243
93726070
100691592
95846360
102232212
115361159
96913540
136150263
98511587
102111654
112385208
102954145
111763360
115980592
82036107
91590318
95796783
91598458
94033247
83660220
86172427
109277518
115909501
115847449
90303979
108994561
97735029
93336941
92784812
132820951
44908533
42044090
49868206
37690279
29312259
47970690
32158048
35659930
29019646
36156710
27392618
39125260
27977297
35513108
32509170
29527515
34603462
45455250
19854421
20991994
26195070
33592537
32546858
30647322
34217188
46312840
42243873
24578058
29468835
33029783
54855524
45351975
52852508
31109306
25530586
33820640
37685447
32590120
31764248
38277874
32697537
44013125
69145370
35376160
30847583
31817619
29121181
67871993
25808905
27002887
30111103
45010366
80312042
28134736
40550889
31148013
20224935
32908264
28360119
22140856
31232514
28817138
40045387
34017530
37949110
37303065
53439586
91204631
86223718
31557916
32526324
44682461
46787058
54072487
84229623
136113314
224982481
38920057
45448996
36520863
44004602
47667527
49139061
42226599
50984872
59459056
36166056
48836136
29470089
32038488
28820195
35879713
34383965
36806301
38451280
27461162
30520158
44644526
35126391
26904995
25256781
33924806
46659856
35159974
25462825
27280137
88988253
145392735
160964511
266229142
257012868
227290040
207925541
163261228
75573066
51866405
48688775
63475043
114983989
117300682
91679737
91791634
48771457
66106366
99575459
57603661
63430377
63991256
95425340
44068571
24666206
28237706
35929670
45990784
27773801
19511252
29197085
36110727
16992138
14681529
16411726
25051311
58866077
99269646
28825629
30346431
19991052
31923595
17075533
22875213
30381651
51751434
180999588
42748048
45293134
110078092
93473747
105023278
91367500
49016122
102109462
41981207
53498454
136239446
105958693
88568635
45224645
100140471
94761977
49251487
42392631
104943342
146769583
45851594
62232535
59987003
44102377
32210791
34101517
35875208
29003401
34323857
36557738
45757042
53822542
42065319
76188942
49785520
43122282
37335292
74794099
82907959
68079382
64493247
109040400
149501814
143549612
92052168
136072002
134438686
104373557
88070317
74522226
44579512
36353358
42812247
28464126
25713177
29746522
41908130
32656761
28969514
40305984
34261340
35131353
39100363
26393883
40026458
38846436
57324222
31613806
21976095
20227449
45292182
34781664
28564323
33881113
31990944
29177854
88723050
29398042
17075634
19240817
32214378
71521760
37392504
88856010
30208107
29596638
27657276
26383199
28542853
25213160
22820321
38191642
37614815
30827901
22210412
36667824
52454586
54009757
41075213
39467479
28784693
32420123
34229590
30278094
69696341
115161266
124514122
50831805
32205183
25306817
66517744
43121335
30601052
38862748
37818692
32635555
31836747
20634292
23998450
39066695
40437759
32277236
38461351
57790908
104310696
97581422
74398216
90199914
94707671
198023679
449259542
961756320
1072132910
1018254873
648582149
531181774
50553405
38367775
39016077
30051664
39326300
39625685
24883707
52666072
22472158
25470755
22912362
22351979
21259539
28847480
21385907
21631870
22956559
44199929
45990704
28696094
48534771
91693320
90462735
90883839
82187543
33570278
42121978
25263674
51350361
78044642
108336738
83082354
83395977
102269026
54509910
44183999
24325894
53767512
112605318
88141422
105911823
100978280
63405595
21156836
26380707
32406010
47535452
61216785
41513288
137075699
38488212
27620528
33367233
32761371
94809199
237402752
349437589
183790232
163701287
35042806
38049623
45803323
73871628
32995384
31044434
117055123
100319662
113132533
304467819
219909363
46540252
91185830
113715198
112266126
109040243
213281615
171261468
128051285
124163420
182119466
148638145
47258336
134130520
108385106
68597984
52586459
83609991
102082975
63445748
36398111
95101813
52197554
26258217
29199684
25070301
23880613
28072721
49982560
81076180
21827005
20929675
28213381
25238839
21418347
25227699
31486391
35296423
45869671
65794218
52431762
54631449
96288546
423745980
106521875
52558433
35622262
35323105
124898574
40485009
120000811
100673811
108105783
110060053
94122599
47017090
41570680
52966797
29946959
126518408
28262517
21148832
26498638
22080374
18273348
19778203
31207898
18404775
27073362
35918023
22422347
81047303
235256008
89798736
128626375
75342320
74911127
61659824
29593582
23096804
26300105
43207839
44135164
45741112
38799580
41104888
51448357
53870297
47503522
78240614
96561193
30010898
157053483
50064881
41074011
36577400
103366902
102795686
85939409
66266530
100431595
49242205
22432888
58903239
293893564
88435773
23027210
24274257
16395831
26017395
21644632
30114169
21776313
37954217
35707342
24300311
26778117
28776150
20790497
57546715
55406011
69592095
21533341
24639248
67430892
27234735
58432327
86840744
130848843
121368651
99082239
104821004
43760724
116755054
110711285
75067630
91493460
89615970
60770069
24393575
47578882
112562181
134109570
147479230
228176059
337460550
412299112
451563810
749320219
516053459
495217539
479380547
475936149
481591290
476951748
486730382
494330181
476392490
469840058
488960422
495702110
497850986
402031936
388434527
417804479
404687288
401246737
301545678
411142796
544232461
582571216
712710276
740138961
660318117
645133976
587492320
607166810
578982427
431959963
419382379
467749852
480871874
482796885
434198748
368517640
421042527
776987024
934308243
555095054
493238151
458642238
417014724
469872348
390696514
408446951
509279882
562994876
468529438
336186109
382261773
419867470
474048947
469588037
476825195
664215839
623845807
395931477
395254580
412003998
439646916
326243941
466910844
647522740
787239978
777726188
735611727
650479660
544630787
545238518
826524841
707340794
479281591
731016967
485612874
399001577
472278083
475689335
451825522
426097363
467234419
486590920
494904240
504420205
508222662
526072206
511670841
540558300
449018827
255768767
433267102
455357595
450130574
464853695
469602449
456361789
470333502
467502007
480154423
446407652
474315186
409465830
567956200
593239216
398692964
398009878
384080014
444172869
461856473
476919567
470346261
458955761
467606506
468721137
477763579
476998922
472278912
503571891
489576517
503432502
480245382
486320790
445006837
475819036
457871877
332853698
447757876
483847238
479339441
479408007
478084217
477910481
455687882
480412771
464224404
462803763
462487239
308479804
383837743
390600663
414531496
524560879
472528155
429231551
493801387
435512816
461991557
480936558
526169878
452256179
484081648
461567572
458200797
460770314
454471776
459752983
481925490
462301641
453739177
480218109
462756601
437252989
482957531
450233338
649514621
646983724
403075992
178154903
41526337
193002348
317705083
285544307
328145978
272034556
77475168
369644092
323497327
238125081
293093747
