1.79048680984878e-50
8.80818362389955e-46
2.218469172236487e-48
6.883281051596657e-46
6.797506313983522e-41
6.876141931075969e-44
2.6510165222704464e-41
5.299394876154343e-45
6.7592782109461186e-46
5.819348447824202e-45
2.6939723290111266e-46
5.141406602171401e-33
3.102483603466444e-40
9.816800440845143e-46
6.766829337495018e-42
1.6234306585064233e-51
7.929933191227838e-48
1.2837195031869137e-45
4.734713011808607e-49
7.433731142164816e-50
1.5069398994517972e-52
1.3706116111670454e-44
2.4960154550142824e-43
1.43515695310069e-47
3.5001316039318465e-43
2.4060029341079192e-48
3.5047325132628134e-51
1.8817664478962213e-45
3.151186015456737e-45
4.943581312582648e-46
9.652458726064693e-40
5.804521172214784e-39
5.632003124068896e-41
5.434993872990379e-45
1.9050967919291192e-43
4.260232933777194e-49
1.0297126146227723e-52
9.007137783558461e-54
2.3860866793347305e-51
1.6987737113781442e-45
3.4557631930361095e-43
7.084194054704841e-41
3.3396120782858558e-43
6.11303350596196e-50
1.5079861891079807e-49
2.678779451107444e-54
2.329048170790126e-47
7.181513476512175e-45
5.517774932962655e-53
2.296599451486907e-52
2.0142611205833407e-46
6.642385164205509e-42
1.0321359637595047e-45
2.508963601608517e-48
8.21954215330894e-46
1.0327350773007804e-49
6.242914857287147e-45
7.556972564893596e-45
2.574601423878848e-40
5.0472559314825425e-45
1.1541805016716467e-45
1.7365370084837013e-47
7.187993892214414e-43
2.7935921898263793e-46
7.873975800626478e-46
7.505289655698268e-50
5.889611557179096e-43
9.643300408302636e-40
6.6566011547077244e-43
6.580713895239832e-42
5.0931982867152715e-43
8.604458430925538e-43
6.541030868214435e-42
6.486016275412987e-41
1.6795363241521025e-40
2.4447943625619225e-42
4.96600984473798e-44
1.1411846976354721e-36
4.498761740660182e-44
7.389677705153414e-45
2.2556217251841397e-42
4.726735263234251e-47
2.454276236980914e-41
2.105598426739309e-41
1.969279106576086e-39
2.148645726654036e-34
1.6771012185112335e-45
2.27002063219631e-42
7.928041212795085e-42
5.607119769570996e-44
9.095944515861367e-46
3.9629173610869276e-41
2.7568788157828416e-43
1.4193145901891643e-38
4.2129948502978075e-51
1.202078999357826e-45
1.3172123661608557e-39
6.468179511644223e-44
1.493225474005407e-43
3.911662125551912e-40
3.220682849966029e-45
3.9382937216294634e-47
1.1909503933411396e-45
3.521085090137564e-49
7.206243439144068e-42
5.118852808741608e-45
4.971931271082833e-46
3.7600284844325175e-46
1.9695166679996933e-47
9.695517251166073e-45
3.377702047160304e-48
7.850874318300652e-48
8.146855205015576e-41
4.646746656155784e-44
1.0442379042695555e-39
2.3634869584291446e-33
5.4668778524398644e-39
1.360063617359134e-39
8.923990407143115e-37
2.2375374295568774e-36
6.426177141855154e-38
1.6032120215561075e-38
1.745488766538435e-39
1.3047794891593655e-43
9.890308966566184e-41
8.164058441759453e-34
1.0961494106398733e-37
1.7485573726478637e-36
4.851553985939564e-35
1.887098750010763e-32
5.355503231911702e-34
5.109368504991471e-39
2.909803921218213e-41
7.407229300299256e-42
2.7727220221238505e-36
9.483553455910419e-38
3.5056394385954244e-43
1.689747447061874e-42
6.942999729989878e-43
3.132335770039886e-50
2.0853128024396206e-46
2.6330507675804775e-46
2.7093843683174153e-39
9.807656005074922e-40
5.0006572486398304e-42
5.133724268407053e-14
2.8379763567097743e-11
9.881650486222565e-15
1.1568642332922015e-16
2.148489640682505e-15
9.322468425983393e-22
5.871193621784941e-26
1.7604366186005334e-23
2.847975804671352e-25
8.067576224329976e-27
1.9883884814589327e-14
2.1765189123231995e-14
1.4161149537774351e-14
2.1305122470032178e-38
1.5971708801648659e-46
3.059911970229719e-44
5.519189120650623e-32
1.7900334948647317e-13
1.209897909557221e-13
1.0086774290090106e-14
4.160338932498495e-12
1.6950840484875546e-12
2.044826235709596e-13
9.908258957030712e-13
1.016193952034768e-13
2.2228982808169428e-14
2.5407249040220325e-14
7.383500068922408e-17
6.671168648122784e-13
2.2489973906980787e-14
1.2340520207035342e-15
7.59963915047585e-13
5.200962045105139e-13
7.328564135444611e-15
1.777248162747396e-14
3.242624093103075e-17
7.96243360032114e-14
1.2508259456288183e-12
5.713793332849833e-14
7.045978252092464e-17
3.710298709578789e-16
5.757472088615972e-17
5.091653537512737e-13
7.369402669829248e-15
1.2806808135741355e-16
1.3533250835849137e-14
3.5133247780932146e-14
3.845773357441133e-13
8.097192538345103e-13
5.615484801878827e-13
7.950225706091448e-13
4.3357091960306587e-14
1.0376583627856971e-12
2.0275149536475873e-14
8.340697744287031e-14
1.3066101212576768e-27
2.8150776449800935e-14
1.0331036937211437e-13
3.1593423086085604e-14
1.164577403884751e-14
2.2400393748207439e-13
1.2229878519861863e-15
9.3241793098002e-15
3.7154455135263853e-16
1.2063521376861722e-13
3.109001169112736e-13
1.2044706399908485e-15
1.268366806274914e-13
6.358652392114543e-14
9.712536906526056e-16
1.5235557603943757e-14
3.5974809901037415e-12
3.744821349154627e-18
9.421818608839728e-20
1.3868293138127766e-15
8.133683694869171e-14
5.889255994015763e-15
7.808077313823095e-13
1.3878172046541413e-13
3.013638370416305e-14
7.79290706923959e-14
5.897202258900313e-15
4.589123741943437e-16
2.7357575716446e-15
1.2417130847569386e-13
1.2562263829155961e-14
4.965371046943385e-19
7.995677970237946e-29
8.64112157992364e-28
1.1642531678176292e-23
8.235510142381609e-32
1.5745556711749974e-36
1.2897711719034642e-36
6.212487828246639e-34
1.7278718075380855e-35
9.240243818623948e-35
2.486238132134574e-35
3.5083634900577946e-40
3.5862059490678935e-37
1.3311030684469987e-38
1.708956932889371e-35
9.249718945033834e-35
1.7559677318511413e-41
3.1998740217668748e-40
1.97250025828328e-40
5.620622494364831e-37
2.0749660162603996e-34
5.369157487992492e-37
1.5415519751995917e-38
3.1293416246610454e-35
1.549433098156638e-45
1.3058519040306562e-41
9.631103158229381e-41
2.5721505691938614e-39
6.522933084511454e-36
1.1954591773077868e-38
4.944588009738062e-37
1.2452732159677748e-41
2.951620442185165e-38
1.2305564267741205e-42
6.619237048270354e-35
4.259092276776677e-39
1.8177480726921376e-39
1.5004859181813512e-38
3.069846902779494e-61
1.9742521416051944e-47
6.947493421456949e-41
2.09635720129215e-41
1.3499356425089078e-45
1.0069521166348842e-37
4.682018479186239e-44
2.1057100134710138e-45
2.112247833325538e-43
2.2086677523713924e-49
1.3061856309774838e-41
1.7974112306908735e-45
1.2929727866592734e-40
2.310448773529483e-42
1.8784851959175774e-42
1.619433720169038e-43
1.0488864932269054e-41
7.136133674392962e-42
8.021176525871485e-39
7.1334636164555385e-40
3.465046280468763e-42
2.9556632426453706e-43
2.695801257760215e-48
3.743605207433723e-38
4.200529223875289e-39
7.278400172772727e-41
3.132145191902709e-42
1.4384554464175558e-42
1.582575237130848e-35
5.563589222700782e-41
5.538331870950333e-41
4.043526180218011e-42
9.241821808023863e-43
1.9320570153039942e-47
4.7228680009684255e-37
2.6328254615098062e-37
4.923292542887149e-38
5.934180699993989e-45
1.1255281889383025e-48
6.2175223684361176e-46
1.3693951505896437e-48
6.398548304556262e-43
1.0571786666595858e-44
1.5576095502835572e-37
9.222456246929037e-40
6.537673013646853e-44
6.129755704167803e-46
2.2968529563092543e-38
1.0039534268787214e-45
5.2187724029597676e-43
4.377994316286076e-40
9.775197957302657e-45
1.6631951076611742e-44
7.923946075306543e-41
2.3213445388169123e-47
1.4327861341836115e-36
7.195743024476566e-49
4.25719543882085e-44
6.6565836177242406e-49
2.773471910735383e-23
3.620603690297154e-33
2.954541771498067e-41
2.1659538042967894e-43
7.173999927371117e-36
1.117274572346292e-39
3.947737694940418e-36
4.374036070250659e-37
9.400901231984452e-56
2.492956981349321e-46
1.34145220252443e-46
1.7733619111938043e-43
7.386933912579662e-48
5.822860083544655e-52
9.015929616310892e-49
5.095338971293619e-51
1.835751046197941e-49
2.912685319301461e-46
9.924442644552095e-44
9.597502679329041e-52
1.4233729627500723e-40
8.355974311750349e-46
2.503075734858495e-48
4.708670778100812e-49
1.5103042289798802e-46
3.826315507319006e-49
3.3377858866569553e-43
2.572003142254335e-51
1.667515050882958e-48
1.101736768104906e-45
2.263296189634753e-32
3.740150780900308e-36
3.9137171364353487e-41
6.632530368832644e-45
6.712725120212036e-44
5.253665651911475e-46
2.5058149915066425e-46
9.52246175033021e-44
4.347733939972423e-39
6.289389716502733e-47
3.17849825758218e-41
5.475460461182575e-45
7.631618778001543e-44
4.0779852971311815e-54
1.4529769564094544e-46
1.570861018833659e-42
2.705878162846031e-36
4.7436912505649994e-45
1.157601831321084e-42
3.7254825039390654e-42
2.5860028866310273e-44
2.458969408950588e-31
1.2806066254373486e-42
8.69837779034421e-37
3.6709731022072426e-40
1.1002465940792014e-39
6.948568624398719e-42
4.014291009056386e-48
4.0731536175940966e-46
4.295023886210215e-44
3.1428703560693936e-39
2.5773943962338425e-39
2.8028300959604794e-41
4.027857707804841e-39
6.208141527379273e-45
1.6082293190384206e-41
2.6438709109845597e-42
4.025646134119611e-48
5.7148628138235986e-43
6.382989157946314e-54
2.769730504994196e-41
2.21739458568937e-42
3.666137712939722e-39
5.8533863214873215e-34
5.57986858868074e-38
7.017287876484144e-41
1.1676558184179666e-32
2.784725883017012e-47
6.212413243471545e-44
9.743411801852076e-49
5.836830597389516e-48
2.8209915997725704e-24
7.366587278834927e-14
3.789328852027696e-15
1.2319432965816391e-11
2.2416796427460966e-13
2.0692966190906756e-12
3.994345668306229e-18
3.0477167806422374e-31
3.078732187659052e-23
1.0443837964027457e-15
3.894892153282665e-24
2.509632107256901e-22
1.3390750180127562e-23
2.1212485058867376e-21
7.201705492516084e-22
6.287934896485858e-22
5.6291499925014625e-31
1.8749697537583158e-34
3.5289700253356116e-45
2.868928823933924e-41
3.264571986329674e-42
6.357205961951219e-40
1.1931839953739339e-39
1.0115840838571958e-37
1.1342427015279412e-42
7.140791045176398e-42
1.4571859856295761e-40
6.489509063142441e-42
5.235804969657986e-43
2.113653930949078e-40
7.676421274025068e-44
1.9864784690245538e-44
5.839029727899331e-44
1.7795414819892626e-48
1.5070616351719436e-47
2.9718974963850123e-41
2.794485125444477e-42
5.780872737737545e-43
4.572116903275475e-42
1.1188204103400677e-40
3.425360086654197e-47
5.694695757410396e-49
1.1925103010426424e-43
1.6176934758211798e-50
1.3295664720006992e-48
1.0136178907240999e-50
1.2776000313790517e-41
2.282078153222561e-43
1.3428098834606162e-49
3.162882841527448e-13
1.5582254898989762e-15
3.94508580910672e-14
2.242052440243132e-14
1.2554854149960862e-36
2.7220917926427385e-14
7.486956954740498e-18
7.789449741724339e-31
3.8882486444747474e-22
2.3547670210729607e-41
1.1390665532209108e-21
2.011382197320437e-46
1.0428084995040692e-26
1.4613074889240775e-15
1.7361390094706964e-14
6.047080551324342e-19
4.300970299146309e-21
1.0226863809173028e-30
1.1341913808673198e-38
3.3410800103148616e-23
7.214069571931989e-20
2.1045219272192645e-21
1.1497347035768435e-57
6.407745723243865e-22
3.576020550176763e-19
1.7167424563189481e-18
3.751943207933283e-12
9.146099377994154e-13
6.915568899697142e-14
1.6103667081042355e-15
1.557702735558303e-13
2.725854426786697e-16
3.0620059722477725e-14
2.2706069505208476e-15
8.084390857188891e-16
1.855434692816649e-17
1.155237143653858e-15
3.499748204438557e-15
1.7158631215186182e-13
1.747207218651358e-17
4.622238116245736e-20
9.178234344243812e-14
5.160537986549212e-16
3.567222588065969e-13
2.52190602645908e-15
3.66775891771268e-15
7.788144089939534e-20
5.208631582310767e-16
8.956644318671586e-17
2.6259565985896833e-18
1.815857477784362e-17
9.099273614509101e-20
1.527045258934195e-16
6.133258175806909e-17
1.385032983528428e-16
1.2142780162201197e-18
7.347020121953585e-17
2.5866642001411533e-17
8.643854132505542e-14
2.3530732001339068e-15
1.5924140487237289e-13
5.759820226679538e-14
3.339406015589466e-13
1.1956158740958246e-13
8.465558366765026e-15
1.8214030165274582e-18
8.046921144586125e-16
3.943513891402858e-32
2.0376624956330588e-14
5.533599326049707e-14
3.7570807312632436e-12
1.1307907657536648e-08
7.971577312983035e-08
6.8365258156979934e-09
8.692828590602173e-10
4.582603571299415e-15
5.1174199805463064e-17
2.1043028216747935e-14
1.0015285958815843e-13
1.1431235613504125e-13
7.120369919297954e-16
1.3708219543769125e-13
6.856334306289338e-13
3.866740031850772e-15
2.2335498666347552e-13
1.7417978614571692e-13
5.768118186334661e-14
3.54435607433961e-23
4.594263334045588e-20
1.3434711043560257e-15
8.852157488337186e-13
9.053917475825883e-13
5.668777424049023e-13
1.7869649859347359e-13
4.5233886708061896e-15
7.098980615745008e-17
3.8032814910174966e-13
2.3575949736871145e-18
1.6438330490156183e-13
3.435253791574006e-14
2.953831274885143e-12
1.3297616829896024e-12
1.0674738205859656e-11
3.4425664566604415e-13
9.59575504256098e-13
1.2400289770085265e-12
1.7899105611182576e-13
1.4518049939475856e-11
2.8509185388525608e-12
6.49556179464708e-13
3.6080895034183315e-12
5.9323334969345e-15
9.892546470949182e-12
3.5227272537237387e-15
2.8599779875447555e-12
2.0887721330690352e-12
1.2642055716269996e-12
4.1416216635003053e-13
3.1232147274775266e-13
3.364959654102881e-14
1.5095799187174542e-39
4.802182443389488e-14
9.612454884160748e-15
1.4441546526335988e-14
2.3996739481496914e-13
2.6717700769512147e-14
3.619163753661454e-15
2.4637499833910354e-16
2.885472854180619e-14
2.620081437099993e-13
4.214397663526885e-27
2.6564960076929868e-17
3.288070833586524e-17
2.4525435729710487e-20
6.365145094593199e-23
9.288258305878236e-13
1.6462600784400212e-12
2.6449770972661092e-14
5.669074640530978e-18
2.3496710587123613e-29
1.8008996755359197e-29
9.358613916321792e-21
1.3136749475515044e-23
3.2100516661177046e-23
8.862793721059073e-27
6.058295824954366e-25
2.5508626648454914e-17
1.572987343835184e-16
2.6909321081815926e-16
4.169450664277927e-16
3.4898094151575435e-16
4.223104301999401e-18
6.817073123117429e-14
1.1115640089526755e-14
8.02278778547746e-14
1.6382835570046066e-15
1.0081020867128206e-14
1.2592865347806714e-14
1.8467888481307835e-19
1.0282351373944076e-20
1.1438866062817376e-23
3.2346112715259885e-16
1.1629391824970109e-15
7.372917443525723e-15
2.3073924372148006e-30
5.145295207897603e-14
1.1771495080627044e-18
4.314630942113503e-26
6.927223080093144e-22
5.228986832716117e-12
1.2976373357107665e-13
6.947173017724258e-13
3.791853842360019e-12
1.0640413040838174e-13
6.538845407634898e-13
1.62240671430131e-24
5.697388388873307e-15
4.197399035345134e-12
5.245424404441104e-21
1.6981608587061587e-12
1.0782952257536462e-13
7.339186172119622e-13
4.7596319194624683e-14
1.2311760928136306e-13
1.196933068287846e-11
2.5988607888146065e-14
4.7536754646569374e-15
1.6491514604752936e-13
1.1363802490060201e-11
4.897919432433307e-12
4.3191316339505754e-11
3.641374413029151e-12
3.29506478974844e-12
4.924602180904739e-16
1.3092095442201374e-44
3.3579849117655507e-21
2.495226640675507e-15
6.153574211402827e-14
7.65387726108603e-13
2.9491338918107643e-12
2.3615046030962723e-23
3.6522006964560585e-14
1.5418448057629104e-13
3.3495351751073916e-12
1.8558890997090145e-12
1.7405995224409066e-15
4.957521837042364e-12
3.001049904922998e-12
4.734053601179641e-47
2.90418722727242e-12
1.195736761231837e-13
1.4206535138119528e-14
1.8172475364499535e-13
3.313026950871693e-15
1.5441816717190883e-15
7.992149577769e-13
9.723066295264367e-19
2.3586139352733332e-32
3.971578395931366e-18
3.71692140900346e-18
2.1061916657869836e-12
3.333671732841863e-14
1.788220131564866e-15
5.325902069263093e-16
7.135492928690971e-20
1.563640398598258e-16
2.1736168023792405e-19
1.0889902934991822e-15
8.293301085002113e-14
3.994196496304111e-37
7.03019264539479e-42
5.072344625974389e-38
6.68018998589983e-30
1.1128323731317538e-12
3.180649313556894e-13
3.1712091064763945e-12
1.0894236683612472e-12
2.159630460540169e-13
1.306982534401675e-15
1.2636989278664887e-22
1.3305870681617268e-20
2.332692201503152e-24
1.9449393068356174e-19
5.200070977404455e-20
1.1979768467196728e-17
6.011964853538069e-19
1.8915132723543275e-16
5.267764029989211e-18
1.8734258802817326e-20
1.2208736587472668e-15
1.7784813788709396e-12
2.6565184211828622e-11
1.9201897078100777e-11
5.3553909554548535e-15
4.4407048728099446e-11
7.728356253441123e-12
8.058765654684163e-18
2.451778495062595e-12
1.091811390807947e-12
1.4699189248147365e-16
5.463558230850518e-15
5.704248917089302e-16
6.039554207471694e-14
3.854370908907688e-12
4.106218255755226e-13
2.8478258517530316e-14
1.2726775135468748e-14
3.9991876745146e-18
1.493070505540092e-18
9.165584201620552e-13
2.5556019693153507e-16
7.155829565307578e-13
4.2624013417582745e-15
5.529436820710035e-13
9.953323542889134e-53
4.783502634376655e-14
4.7200546900310213e-45
1.9608595390502035e-18
3.186828098899321e-12
4.164028567488286e-11
2.0944573196195707e-11
3.509572840072534e-12
4.206802979046162e-12
8.308795929224803e-13
1.4116438552300323e-11
2.8383696463319697e-12
1.6385130596345178e-16
1.6292655723116756e-16
8.309392928210063e-31
2.348857287459337e-15
9.157199672531384e-14
1.6862613109197332e-14
2.5483779730244996e-15
8.093016839087786e-14
1.8682885766128793e-14
1.4312398389037224e-14
8.604670044839997e-13
1.9119833798946624e-12
2.871487792194332e-12
7.255727395985526e-13
1.5949585687388301e-12
3.2203185636682297e-15
7.69374802023944e-12
2.181006578276026e-18
2.5728905882145363e-31
6.474671965860089e-19
1.8803117446768426e-14
1.7027945796312876e-11
4.096246225059471e-13
2.109406439429695e-15
3.9633253343836277e-14
3.533525240993885e-12
1.0821907836221786e-20
1.9197119712179171e-19
9.313888619520721e-32
4.805782833769412e-27
5.128092737999906e-26
2.6454027599196943e-23
3.0086391208348964e-18
4.384209357334006e-15
7.409670239086073e-16
3.784368790706154e-14
5.642488553920444e-16
6.108046368705108e-16
6.532052389731088e-16
2.6758500554686827e-12
1.4523012221061216e-45
4.034949827337847e-10
3.0950623318433233e-09
4.4283517592816786e-11
1.6376907575468247e-09
3.190139341844161e-12
2.9226372750162655e-13
7.003746744078824e-11
7.088613239427749e-14
1.930394790967604e-15
3.4432798707664967e-11
3.005193122741648e-11
3.179909360422071e-45
7.985077566056901e-20
4.2005622074455226e-18
1.9888200612708422e-25
3.325374584675076e-19
1.0465007156941933e-15
4.899956340838738e-16
2.729209547727624e-23
5.528050026935673e-17
2.6748204872538822e-17
1.950364791641887e-24
2.0964462109241938e-22
7.418037331340793e-27
1.2051941977649555e-18
6.96493999199514e-24
2.5968593646704226e-23
2.240365855855442e-15
2.6370905735891275e-14
6.749455418105409e-21
4.6625345472615005e-23
4.568586148144153e-18
3.1514355470049754e-18
4.777889181979894e-22
2.0799894794127796e-12
3.108125480769375e-14
1.2050033205462274e-16
2.8378080653651086e-14
5.470840449525043e-14
1.0412763756646053e-15
3.982105882781413e-18
1.0043838640742974e-19
5.721675714322478e-16
2.3051438720498563e-14
3.4268971180320266e-14
1.6611184367066303e-14
1.8056801187599384e-14
3.381266947627167e-12
5.863239188026986e-15
2.2757879681066076e-21
1.9214070038470052e-17
1.6710550414493406e-21
1.2197869478179067e-16
2.9044066557672973e-19
5.794664960110072e-17
1.3733669619294407e-14
2.5111655556116494e-16
2.926752726438327e-22
9.730655711567596e-21
7.035716691542507e-20
5.573124506687121e-18
4.009528184727312e-31
7.322032514480352e-71
3.8030922925835664e-43
1.9366704978717944e-23
4.29586867733854e-28
3.118111722481551e-29
8.268205879184681e-43
8.754405848349294e-18
9.305574398194036e-15
6.7924445781649e-16
1.0934048157771263e-19
1.5191340114864727e-18
1.0366183843340155e-13
4.3129321585058604e-15
3.2372937471243763e-15
4.058323764802826e-16
3.845484345272264e-13
1.874344247493829e-19
1.3011433019767649e-21
4.939037298363881e-20
8.488224607233985e-16
1.1450594730085928e-17
4.713558173677974e-19
3.5735243645994235e-16
1.8385415472842946e-21
1.9162306141140954e-20
8.641241558799724e-23
3.145480984292474e-20
4.3060185198599204e-20
5.4017204001339105e-14
5.834512026002116e-12
1.305089402192205e-16
4.245467287467183e-14
6.478022935130455e-17
1.4973934472693043e-21
1.5714721077257555e-15
2.045525985545578e-17
2.3083422924575553e-15
9.782001019205186e-17
6.593284419656627e-14
1.2170180349009445e-13
6.729816631750951e-17
4.860008037617697e-19
2.1521355367961613e-21
6.713021450509733e-14
1.446877712857139e-16
4.15271185553344e-12
2.7609292673166964e-18
6.172390844572619e-12
2.167878529493068e-10
9.478230928230263e-11
3.4095902491417284e-11
2.761563389578838e-13
5.048487720021787e-12
7.19944403421894e-13
3.4397611984516224e-13
1.1230502966047601e-10
1.2243123165041093e-12
1.373500919700827e-06
4.4677370287988264e-07
1.0313584792055202e-05
5.742366453158206e-07
1.5896855670536958e-07
5.514207398638943e-07
1.657449201153427e-09
4.941385933980249e-14
2.576447179957847e-09
1.2093285682191426e-07
1.1263372427640198e-07
4.4683518366309945e-05
0.00016849812320092784
1.439966330443191e-05
1.1137813109121557e-08
6.525502689270377e-10
2.533669616039596e-10
9.171430819261979e-07
1.1102918005802776e-05
1.7283167117829585e-07
0.00020392709475872906
5.584332805156757e-05
1.2449658734255586e-07
5.280362808664422e-05
9.826571975667023e-07
9.036580765520246e-05
4.659678309973973e-06
0.00010663931846169374
5.69040571375059e-05
4.4011589009541617e-05
1.4721929287106742e-07
5.754123854308346e-05
0.0002959145955556824
0.0001861092002820658
0.004171082319678179
0.003154801866412531
0.0010807342654260133
0.0019669318836393213
0.0004317622262179143
0.0008092367480350356
0.00738041158371401
0.012776454561850639
0.003507434001155728
0.0007123946098340766
4.9419667838320346e-05
0.0010343088647535453
0.0008963249434096657
0.01824155457370635
0.061060500125070485
0.011669682261927796
0.013166390990718327
0.006833348939765504
0.006351820681131975
0.01281646943803416
0.0496508040921716
0.001389527922469805
0.00014355686580794496
0.001190222332146853
0.0014113084208135997
0.0016413923375709035
0.030659267145998138
0.04200093870705255
0.04276261133815203
0.07054162963504168
0.05190437219710757
0.010038435335652868
0.047352696962982756
0.09708804317221835
0.26612444279058495
0.5202270939210324
0.3815723054787549
0.5032375359063821
0.741273776272387
0.18158741049085042
0.007738716750205887
0.029567830743651557
0.010849334255388993
0.043327314203128894
0.2128863331964609
0.03888247368516781
0.6160149626969457
0.4163106873262724
0.46526371432666824
0.48867615350337484
0.4422055388755031
0.15236080362838128
0.006614131237333863
0.015002092350063294
0.005749307686779453
0.01830857128394893
0.008500732038335977
0.04209039854696355
0.04379213061120275
0.19981641164768005
0.13367165319110944
0.01793001196950992
0.013223423189643282
0.16401352207515466
0.08821951331122019
0.09843110588658151
0.01514352288847877
0.0170758126495915
0.06413000057683234
0.05885913940253131
0.043590115844889615
0.05643033564397016
0.004462766337798934
0.02630439069717744
0.007883825471328156
0.005854054535633577
0.0010998595013536983
0.0017841078826680227
0.002531090238267574
0.0013793263571550702
3.690917334395389e-05
0.0036288404153639662
0.0012868004662630115
8.740146356241143e-07
5.449985861606096e-06
0.00013118676579508909
8.354475445459966e-07
1.1154128257699791e-11
2.012804510658018e-11
2.947325610999684e-11
1.0388975451042943e-12
8.7956447440833e-14
1.786339011057035e-12
0.3154364975178315
0.49432493395936505
0.9999415006358295
1.0595344320730486
0.9787366490726995
0.009803840862854067
0.020208866942671544
0.35311281840716024
0.7403419252822846
0.5559646052451422
0.000192610097791423
0.21725600823656888
0.2776123869142004
0.6604334789006286
0.7044893347376716
0.06813367423941082
0.756258537042725
0.7923511793556726
0.934914284937618
0.6870889588265612
0.007879952817975508
1.1648625007051072
0.6853438386756392
0.6309816862683892
0.7813300502850217
0.5251551691081278
0.6443487112947298
0.8151894683691302
0.9416438015741371
0.8568690467757015
0.5797829060802839
0.5462264369953456
0.3630802929203826
0.41459092821844995
0.03658913231271245
0.04127565260969061
0.01318796550168693
0.01796850540098274
0.03095959229220257
0.008933865941659852
0.05901205333511449
0.06628460907582552
0.07128754547979994
0.0021135172542627594
0.008755506521809755
0.04272830356253186
0.00873790566409166
0.007054412277687754
0.341605493703482
0.6592301313636997
0.0021202635637379394
0.007337715693917118
0.0020495749835635645
0.005103879689502435
0.015123246027089076
0.0003602797986804931
0.37178347962332914
0.12165209467847245
0.5619377045911242
1.1909632701324748
0.006156038828353881
0.25526465566818396
0.19484003329151997
0.3403405172929491
0.12736443890587149
0.3233675022622145
0.2071858455604726
0.18955998511858596
0.4892610159667471
0.34018297850314927
0.27863437882678
0.3315883946537128
0.7869112925986416
0.8655788879757054
0.3841080846812531
0.42860340538002795
0.15538417279235617
0.10943615566172349
0.00019191576758848856
3.7171117601159076e-07
0.007450684772080734
0.27537151436655244
0.6034087522846053
0.0051384861443431835
0.6370164505171435
0.3787318338778294
0.0003289885636461387
0.32789524529653
0.3971865227946378
5.286068656817318e-05
0.014457897463297207
0.39920456706775437
0.21054814271126435
0.5896605836317182
0.4585311596040048
0.26338488046730657
0.13135293482856222
0.8214349927345175
0.7874415460015706
0.00011109674875152176
0.00011639937027369496
0.3032173287812814
0.7591960360999993
0.027051490731795906
0.22557698541954196
0.5860499389458518
0.40307139985188933
0.14948402518267448
0.1090653855929393
0.059546000821069506
0.10094547799350653
0.04562954390844128
0.5334862844143242
0.05278826448118486
0.155692168990865
0.08656687784557597
0.0022119203730266344
0.2596542494624059
0.047603987335246005
0.00010400751163546712
0.9324569874825898
0.8289659631349354
0.13566692588350823
0.011659412559013383
0.004990208513147816
0.008787754012989452
0.0014738911143452992
5.870021439331044e-06
0.0023923118142594973
0.071021520512511
2.0149672001502334e-06
1.5972374339423665e-13
6.522906007297025e-21
3.3630108745612405e-19
0.007847877994358647
0.0020073751639860435
0.0009858601641471489
0.0017608207085145551
0.015479300166339426
0.1473016438401396
2.3455794918111436e-05
5.687144256501376e-06
4.936301518157118e-05
0.005949863343982047
0.011073351728439053
0.0368382610755971
1.6496345518563387
1.3990987117189806
0.37300941572677565
0.477132128506859
0.6334174307893624
0.32261063501768095
0.5476489886854458
0.9804608919498256
0.44282375252960854
1.7712222025315545
1.9606367256380641
0.5258971193407118
0.28226269155046124
0.19930624159274568
0.21205024870248063
0.02512390986782953
0.3368508949605954
0.12515779107720676
0.0077526376214492555
0.1784667143109192
0.046710619496652665
0.150587378022063
0.1507985983882655
0.13333785615629754
0.004426384696516764
0.016046902587310462
0.0059715673795186774
0.0195637604320696
0.1580360471125176
0.17198762214652763
1.0650887009509016
0.002016327679934329
0.00019041238044829038
0.00016513424863713052
0.0001239676575920889
0.0014611242174304346
0.027935063622601272
0.01234913795937081
0.09853477014902288
0.2547276720351272
0.4210742863288098
0.1519679466421487
0.10389483712998955
0.10643223170699095
0.12383329429035424
0.09951139752913023
0.21850154741265396
0.03296756877385744
0.20837036299356762
0.038862326991344155
0.030321382550836492
0.30641188398611346
0.6257493441299258
0.10525196994148625
0.016617911966733425
0.002565204363655364
0.011032473493919852
0.005177087750230106
0.0010908231104252606
0.006166886399301977
0.005741353883585335
0.0037296601667675755
0.09020658973720673
0.04559785695660181
0.019578597932550054
0.32820156040377746
0.3513835901247712
0.08862942950674432
0.44463529213229347
0.1485374865400359
0.00041775078404034864
0.0013872977829546224
1.3866259387583226e-16
1.0504705348082289e-21
1.69791351835171e-23
1.8043275468644183e-25
1.1907051490073721e-29
2.5799684106208733e-32
5.915733908830326e-22
5.128460777759028e-06
0.0018853304259680917
0.00747141401792268
0.0023810910327981454
8.726745627981913e-05
9.858564084434459e-23
1.0468984065739927e-17
9.627114120108054e-19
2.8947867347622543e-23
1.4146203601832031e-25
1.9056429673876817e-20
4.0984382433099805e-20
1.8874006174760193e-25
1.327521509751973e-20
7.963467939113262e-23
2.549370218610152e-21
2.2066227201748456e-20
3.2033268919478774e-24
4.158650480355835e-19
3.5878555362731746e-17
1.6245354349586171e-15
1.1751913391845582e-16
2.3430119626708262e-21
3.4024611688976285e-22
4.9904284089177144e-17
8.687108295006892e-18
1.5155026604080502e-18
1.781512556429173e-16
2.804722819849206e-12
6.117887465961484e-23
1.3199104274410829e-22
3.1977386607321942e-22
4.2084138965667555e-38
5.920915489518756e-26
5.061960910523682e-16
2.875942191981256e-10
4.1392556359888866e-21
7.248152705261149e-16
8.434048272550493e-16
1.0281331580981871e-23
9.200316453581085e-16
3.289926299442178e-19
1.193014299374074e-18
4.611611084955961e-23
8.0590792200871065e-28
2.532375266551826e-23
3.6976627028924216e-30
4.295852202762678e-28
1.003713430091785e-15
6.209733993743888e-20
9.879053339505452e-14
7.198612193540004e-27
5.234370713154716e-23
1.4981012770737637e-22
2.9647880221970346e-21
1.7349092665518358e-19
2.734032593228677e-22
8.442855184214351e-16
5.980408247649921e-13
8.395908989428853e-15
8.93246773710801e-101
3.0695015329319205e-30
6.693465942211182e-17
3.27563990529378e-25
1.0776270794675676e-19
6.843421867123524e-19
1.1013964539287882e-22
1.5397071245855043e-24
6.317285826154514e-25
1.2500188623508583e-21
2.63487621374286e-24
1.3174808043590785e-27
1.056248737600869e-22
2.798214234488652e-25
3.611652059726351e-21
7.860930173241314e-14
1.903052648146707e-16
1.1198394794110573e-15
8.716000514138107e-16
2.2432727132217025e-13
1.077412580082254e-11
2.0552771315220316e-15
2.5683003718252672e-17
6.173309014659628e-47
5.183820290664339e-68
1.6044007125902682e-31
5.928445797725757e-50
3.631501700629348e-32
2.837670693528848e-15
8.051959983683863e-24
1.2668659975132096e-40
2.2870344750052897e-32
7.083200596032059e-16
3.8298361009743984e-25
2.82299503730183e-23
4.605743430318238e-19
1.349597752951465e-43
6.947782870155509e-30
2.2232280901985412e-31
1.8669857272987962e-19
2.811413385406749e-17
1.7962314834829185e-15
4.3435351943201175e-15
8.295636254753296e-11
6.18065622621991e-16
3.151630254504862e-23
5.033748858120097e-21
8.173479717998904e-20
7.153134873108772e-23
2.5204416165588326e-21
1.636977114894901e-24
2.7260959865749833e-28
1.2221858579226269e-27
1.0272692957451979e-33
1.8661498591723966e-33
8.61478017664227e-25
3.5988524100571896e-27
3.401227550095952e-23
1.0585937060622304e-35
1.2364579181808407e-22
2.174406994115378e-25
5.475436262245581e-25
2.6372182229647056e-24
4.8882261872025484e-23
1.0084787499014981e-25
4.3941148608132994e-23
1.6557027067319922e-27
1.0446917763334659e-26
2.038343853298762e-26
1.4630917664025066e-26
1.6299000991342565e-25
9.245606116689196e-23
1.3897956708331692e-23
2.0605913599534205e-28
3.349415845914514e-24
1.2918168243859607e-28
1.199183778972091e-30
1.7038921308778953e-27
3.6689502660177195e-25
3.287164810554421e-23
2.0550193579028475e-24
4.586458668380413e-25
4.5010326510328046e-23
2.300360594505531e-23
4.2321569886473315e-27
1.017511258564017e-25
2.9999324494476146e-24
6.601089016185035e-22
7.454670390578304e-22
2.7065811531528692e-24
4.552902099686544e-20
2.857250044161832e-21
5.390428415227597e-20
4.4526304577404965e-12
1.4479891066862903e-36
1.1605477639081131e-10
5.166085723092225e-10
1.1558680830931989e-10
1.0189306812541536e-15
2.093105640918941e-29
1.8008212251191216e-24
5.401780515649839e-29
4.7976151254257364e-68
1.34667978265079e-15
1.9865888677266138e-17
3.7262809146416544e-14
9.005219196929434e-23
1.6774739701070496e-22
8.545507870748691e-25
3.8749372619127373e-25
6.163804041307181e-21
1.550890752616909e-20
6.124796671945517e-23
6.916823811646044e-12
8.567009962773364e-17
3.036353708450977e-27
7.872693255094565e-23
1.7351365857429025e-24
2.5992133832480325e-19
1.1851589499642478e-14
2.00474342628839e-16
8.840936363828414e-16
1.3254441756515022e-16
9.058412021617033e-28
7.643343405052547e-20
9.916531548226756e-23
4.290696904341268e-25
4.852160836163905e-19
3.332098017092441e-15
1.0018755591901506e-14
5.363436903945251e-10
1.7684985998432911e-15
1.1624265029078191e-26
1.0730004840765909e-23
1.449660594341539e-18
8.3968499416773115e-19
2.0110346746044163e-25
1.6782690211086164e-20
1.7282072362809215e-14
2.09606174922477e-18
1.1735412379061576e-25
1.8502036393519725e-17
4.561207892234117e-13
1.9918494721538488e-12
2.4728836547601395e-13
7.12664550092502e-11
7.791203745042333e-14
5.667846780698644e-12
7.400706593177656e-25
1.8992373309769558e-16
1.2172962157828794e-16
2.1523117227128525e-25
3.4721455661871457e-20
4.354479013499964e-24
7.138766997462162e-23
4.913679967954817e-14
1.422496612938304e-14
9.150055018540661e-15
3.024818295347494e-16
4.0046899301275313e-28
4.176581928737534e-24
8.263055118403833e-26
2.348318042248406e-22
1.9484616059132178e-16
2.454379022349005e-16
4.281383131801201e-18
6.488316377406276e-45
9.286862259971212e-15
2.385074907745694e-21
2.3964128331682492e-17
1.3153624682270987e-15
1.72226471316389e-18
3.0436787385347944e-19
6.276770046468144e-30
5.093960859383618e-27
1.6550897719990332e-27
3.654434531393523e-30
1.7358506023945825e-30
9.112589252846843e-26
4.288105171618835e-28
1.287564041670485e-29
1.9087835785441285e-29
1.4796667606593706e-28
1.4573662890839528e-25
2.670377261727644e-25
1.1504557400178524e-24
5.6731175688301825e-14
3.935299245542375e-16
9.16606501673777e-24
4.385249040607115e-20
8.581791879067616e-24
2.034986964271106e-24
8.382516596405089e-20
8.83073696133459e-15
6.926478138572381e-12
1.528288274968029e-12
6.799270607760667e-12
1.39533325204353e-12
1.7585912565153132e-13
1.3682018620648933e-12
5.140712561315559e-13
2.8721617763981405e-11
1.757019553642512e-11
1.0359517597052797e-11
1.7819286025460676e-12
2.4704087550081515e-12
2.7299983331410283e-11
8.923803030427945e-13
5.8593199434938515e-15
1.8989796283289694e-11
5.607438504589577e-11
3.78799641633394e-11
2.1257544860747166e-11
2.168718651032394e-13
1.2577721456630917e-11
1.1605804534489428e-30
3.6189508343897027e-09
4.348705675074099e-12
2.807556758291285e-09
4.970674492297764e-12
3.529443503237063e-11
6.840361310545977e-09
7.503413499261753e-11
1.4315098725033366e-09
3.911574876867512e-09
7.973639448705036e-14
4.140139660148907e-36
1.1470574513732892e-49
1.6895375765576597e-22
4.002477810222439e-13
1.3351187538704964e-13
5.3493794529083395e-15
1.0785598937767179e-14
4.699285857026879e-13
1.8421681885242977e-13
1.334772796747634e-13
2.8248007908338024e-13
3.7473666937425744e-13
7.921921249239566e-14
4.09411035986969e-13
9.503415006830779e-14
5.593124513826265e-14
2.746648137232261e-13
4.637872135118443e-13
1.496037978340055e-13
5.385182546771296e-14
3.63466787328491e-14
7.00468247205402e-14
8.4394843873839745e-19
1.2774364662151664e-14
6.534610614451729e-14
1.5345306634011833e-13
1.3311874710882367e-12
1.7884846211163775e-13
5.397484230743071e-13
3.484636037491901e-13
1.2507172554849287e-13
8.112242620655998e-15
5.240563788844056e-16
3.410690702055445e-17
8.048834564484161e-15
6.609870259072117e-14
1.5683972034802548e-13
4.713537388686402e-13
7.8246208616099515e-25
8.417641079023583e-23
4.26711439000011e-24
6.27581104100133e-23
8.177775681296479e-24
2.6810422882230422e-20
1.3224331978026666e-16
1.4749893916602323e-13
5.391904594893712e-14
7.676006835019666e-21
8.506647092496745e-14
1.3745320981426607e-14
3.065798580580711e-20
4.3409946436049304e-20
2.3419897271864707e-23
1.8676297931434426e-27
2.1318355944161626e-22
1.7972206127792849e-13
4.876579894606162e-11
2.1848092918175774e-11
5.87222930588043e-24
9.11165746656119e-22
1.6654854371285193e-23
3.474697399807439e-25
3.3553495308198123e-22
2.6220675527722173e-20
7.585358447486091e-17
1.0644395772460646e-14
1.7861759312145424e-17
5.97808899290476e-21
5.796068767062431e-24
4.877106293911361e-25
1.8082172622259358e-25
3.2810976664728687e-19
3.003470284871966e-14
6.9125843211461e-11
3.6259155952970553e-23
6.625676295101665e-24
2.0125307753817913e-24
3.655041227137199e-16
1.4124498806297687e-15
2.525751592582568e-17
1.3458710973679953e-12
2.5061661709049956e-13
5.397667282558784e-11
1.8329862268566575e-11
1.166086308502495e-19
3.0550463105605375e-25
8.665169448066818e-22
9.095600297785205e-31
5.50549573373714e-22
2.983484604051842e-14
1.6717470626295133e-10
4.027602030457807e-14
1.5391712146969474e-23
2.6399297544696417e-22
4.726602174538905e-24
1.2772249739482815e-22
9.212407949647556e-19
1.5683907259488845e-16
2.639577292353103e-24
2.3288811958473607e-32
3.0662290197135715e-23
5.7842113795657266e-24
1.0880562456140642e-21
3.3363584756532854e-20
1.0882020361756378e-20
1.6218295041992533e-17
2.7775212063502748e-14
1.3273146346757215e-18
2.0117294781564136e-23
3.0039190323831176e-20
1.5681796492420284e-21
1.438114933594711e-25
1.5673442204707127e-24
9.371109431699989e-16
3.1543645275983116e-16
9.159884732301298e-16
6.56777351386979e-13
7.242477449098086e-25
8.710562415662153e-13
6.418564856475198e-16
2.131389062716559e-16
1.4617730714216444e-16
6.539485009803244e-19
2.1282322066416986e-21
1.807671689572827e-17
7.843090850842894e-13
3.7071020279823024e-13
2.5785623534583587e-11
1.1182771315540222e-11
4.192066398447592e-13
6.385263084664706e-11
6.495457769433629e-12
5.864020879142657e-12
3.455509160201372e-11
1.7452352131276223e-12
8.146712026170664e-12
8.390341340704406e-12
3.232337718726446e-21
2.605280996991301e-12
5.165226015164702e-13
3.8452428473331304e-12
1.5633753772836664e-12
5.044335545007842e-13
1.0166673885052723e-11
7.041650137051986e-15
1.3523113927855235e-14
3.404170053321695e-11
1.708687051453115e-14
5.891186298696524e-18
2.286280983397966e-12
3.4244870313249425e-10
2.727727275199514e-11
5.85420224175344e-13
1.0205634413656695e-12
6.009387174057412e-20
2.4462107813661583e-20
5.60724853804067e-22
6.589772481999206e-23
2.7564200652532835e-21
2.881077184929927e-19
1.5426239635668912e-17
1.652094512458229e-19
1.4519249486798264e-22
1.4648787107377487e-26
4.120818033017542e-29
3.1547879813147545e-25
3.6820758247271636e-26
2.682202838959381e-26
1.7522539774460592e-21
5.915369476251523e-24
1.5952390776869583e-24
3.4619455365512845e-25
5.7214934992037776e-24
4.279691774892004e-30
2.3726191748309793e-28
4.7349336019862385e-23
1.631918318764967e-26
5.38670393512041e-23
1.6498335498757442e-22
1.487892051371012e-21
1.1659904572320403e-27
1.6403224895398307e-25
1.704814612774427e-24
1.804297207170512e-24
3.098180090229274e-25
8.022077305112855e-23
5.336235557903194e-25
8.785512558135646e-24
3.4158225212980703e-19
2.3937544894101034e-13
3.8102667988498917e-17
1.0280880369987295e-14
4.179094505179197e-14
1.2862886233698433e-15
3.186425273758489e-15
8.776601168971e-17
1.912923652510865e-13
8.327750372249135e-17
2.889653483193045e-19
1.323564972165175e-21
1.6616896611941342e-19
1.1221030336315909e-20
4.769089022021972e-22
6.47138531348774e-22
1.1906796792351273e-15
5.4474120895323295e-24
1.885859637774172e-23
1.0349944051111591e-24
5.100253522126616e-26
1.515262285003505e-25
3.454387073142302e-23
2.7301587098270794e-21
3.488246923709033e-36
7.4713654180303765e-22
1.7278642184124853e-38
3.192971821100205e-32
1.5659642355807685e-39
4.312291037862965e-27
6.286709389381275e-24
1.907115828639494e-21
2.0685304986357728e-14
1.776634798232307e-14
5.613120242047533e-14
7.202940646951636e-13
5.044899480010614e-14
8.43089865107742e-13
1.2340764485009749e-13
2.6152668958359406e-26
3.4257606254653253e-13
5.996588415329481e-20
1.7065957945839393e-17
3.7741654463153206e-23
6.955516960875601e-13
2.0723781111601597e-14
3.835816036878469e-14
3.43244763608163e-14
2.6422449913538374e-14
2.819932140802859e-22
5.189475594931028e-13
4.6190739342608895e-14
2.9130927945884296e-13
1.0283296789811023e-12
2.5062104400547204e-14
1.5312408499285875e-13
3.0923232970035347e-15
1.2827456211973282e-12
1.273144224680303e-14
1.5888645672299799e-13
6.240356757566787e-21
5.8516699407402924e-43
1.959920786535077e-13
2.243925392104395e-15
1.1003229592830558e-12
2.032743253079471e-15
7.351287608582374e-14
3.176240564886592e-16
1.56262471367628e-15
3.3541984645293534e-13
2.5604233662957534e-15
2.7221070288943757e-15
1.6249615958430275e-16
7.621141500621799e-17
2.8206596211249627e-17
6.3835893316898436e-15
2.6358866425882753e-14
6.565594126183999e-18
1.348763632907171e-21
7.0480656115253825e-25
2.8342853253032384e-24
1.2067349414625482e-21
1.0647653130815703e-17
7.349064227315807e-18
1.4731991650071446e-15
1.8531908760667982e-17
3.375683338985279e-17
8.041751471499611e-25
1.9618588239778146e-21
1.191307975092536e-24
7.515880578440588e-15
4.852203468545052e-17
6.948656796786805e-23
4.861894517026119e-28
5.334441451688161e-17
1.1425016513274316e-16
1.2030829957743966e-18
1.7781084023099495e-28
1.7749957171652293e-24
2.9599432186364513e-24
4.7085666474467894e-24
3.084747677707225e-22
3.5130649985455393e-22
8.234467068916772e-23
2.4597201662669887e-23
6.519679977532717e-24
1.2760698255973086e-25
9.559025598946678e-25
7.970951023821507e-23
4.435802987461641e-16
2.2709969251588425e-16
1.9220140207020076e-15
2.2727083139876963e-23
4.533139803996803e-25
5.5532795724730284e-21
5.470963485751928e-20
7.574086156767593e-17
2.0628618292691997e-19
8.836596077080592e-17
9.146212290964392e-18
3.3452216398198446e-23
4.114547469770777e-24
2.541817639360714e-23
3.671645883747518e-21
5.495388423066536e-19
5.419760160276676e-22
4.8460820503336457e-17
3.0542394357638634e-19
1.4893836315851072e-18
1.9947336359617204e-17
1.050898471902102e-15
2.6795676243441678e-15
9.389294107580673e-16
3.62462073724209e-24
8.21309681436788e-19
6.618527146029071e-21
2.761744683688849e-21
3.9656303258227414e-19
4.0494746983917587e-35
3.1497026513510363e-47
3.9936807058341556e-39
1.0433591907715465e-44
6.50415702257456e-38
1.7749663634969144e-28
1.3828589340755762e-20
4.0287579325852627e-22
4.174958121933951e-20
2.0062783191633075e-21
1.3609198897497248e-19
3.002143658249729e-18
9.893804509532787e-20
1.1623351156236968e-21
3.511130508118972e-20
1.596503299565549e-23
3.175780779750028e-19
3.916490376284666e-12
9.628815715234357e-11
9.048077965636522e-14
7.093959255404094e-21
3.529805732348191e-24
3.056968689054073e-18
2.1239266840111927e-22
1.468700345960881e-18
1.3750380694709048e-21
1.0291331821065991e-16
1.2211211070389301e-17
2.7035645417240756e-17
3.0390023141395185e-21
1.5450941556047231e-25
1.4295287467258738e-17
9.483940254834347e-24
1.6914568506185015e-19
9.890247535837548e-13
3.2785963329898957e-16
3.525198797225806e-13
1.01707723263209e-21
9.213974181756859e-48
1.0714071406942548e-16
4.463741697678116e-20
1.1641332608753416e-25
1.464303412011741e-16
8.325871648368175e-14
7.903196854384766e-16
1.5498370927528208e-21
4.1216485587728247e-19
6.872033216329528e-14
3.224749051888438e-19
2.4282094117004565e-18
4.4817252939959195e-12
1.6378278494843431e-09
1.714974899395322e-10
8.605861918675756e-12
1.1253834212393008e-12
4.264408552632902e-11
1.4241964695876624e-13
2.5057190060992853e-20
5.478832590661121e-15
8.32074111090962e-14
4.050315188821908e-16
1.6561859339592702e-13
2.1718265535632892e-14
1.2321344834435124e-13
4.626156451578695e-14
4.143546194574185e-12
1.597063665951394e-12
6.609515944043428e-12
4.145753032081232e-14
9.768954293770032e-13
3.1044182740552193e-13
1.909582701999184e-16
9.337060693749696e-16
3.795894334878488e-24
1.874768626173863e-21
4.461004642079787e-22
2.118097979840659e-21
2.1449313617055762e-21
9.183616612818644e-19
1.6553976446365139e-21
7.30431620522039e-20
1.299684413743184e-28
2.5895724081964303e-26
2.5024289191206005e-20
7.00801235712695e-22
1.3652802175359522e-25
6.966251651989477e-21
4.775369242606012e-15
9.262666468114267e-17
4.8434063469478844e-14
7.272838646234087e-20
2.5369896328046334e-23
4.943311947975229e-21
1.555096828845198e-17
1.0184222601302342e-23
6.4871322659144596e-21
1.3978336145240102e-14
6.520356498071968e-16
1.0852481434344162e-22
3.472625114796429e-27
2.9000458079761346e-24
5.640717850966114e-22
2.019450496797026e-25
3.0854996659089486e-30
2.031346044790136e-26
1.5711920728278429e-29
9.627724178178207e-31
1.1820463600795086e-16
3.2335265570190406e-12
3.2658750174831634e-16
6.143079602719111e-19
1.6965584478335852e-24
1.349664215995535e-18
3.4901126581899836e-21
1.0561985455910113e-21
5.192734672565089e-21
1.1876462817452088e-14
9.609499347550828e-18
1.4608976988769894e-14
4.375840668523525e-24
5.275091298262082e-20
3.241358226948557e-23
5.646699676737438e-19
7.504131878660885e-16
6.665670041037775e-16
1.0207773855090662e-15
8.983589963006334e-21
4.843718835600232e-18
1.3585126602948563e-18
1.5089864844569252e-24
9.187465215440996e-20
7.2575784337453094e-12
1.638816740426788e-11
2.6978528601794776e-12
4.994861547360339e-17
4.01449313469196e-24
1.628808599547209e-16
2.7410112507493326e-13
4.5885243787426764e-17
2.5357473035669183e-12
4.763520893121775e-18
5.1836508194399076e-15
2.7356951936179223e-17
7.3453806493966e-26
2.0600139636275623e-37
2.25451527758354e-17
2.9122938824919675e-30
3.4757223896560445e-48
3.84389005110801e-19
1.1615990731855361e-40
8.16204160366952e-45
2.4123152423250435e-51
2.9958717873697583e-45
7.167259148019731e-16
4.623577202065938e-42
2.0813351303570232e-32
1.533144163175263e-36
6.353467879987934e-34
1.2920871069691167e-32
4.0142618390928715e-21
8.592361854906909e-25
9.946911087403935e-26
4.667196249449183e-23
1.984060643047356e-18
9.39917331214972e-18
2.416270147481604e-20
2.314119363054821e-23
1.1301051871713951e-21
3.137374752229268e-14
1.116233581392882e-27
1.7541289300398506e-40
2.8618546948906376e-35
2.6607428941503914e-39
1.3491419378505048e-39
2.682326411674918e-16
4.783100763315917e-11
6.495352249166196e-12
1.540069215159643e-14
4.1863310235920354e-38
1.3599807496404733e-35
5.78421442764586e-38
1.9645813336406492e-38
3.5528121617162085e-37
3.86227609941362e-46
3.539842421331282e-24
1.3830557024122434e-22
3.68357037111163e-16
3.0911469957084754e-16
1.6006724094877565e-17
9.109071512838807e-20
4.166399479285632e-17
1.0447503053255489e-16
5.9028341173533906e-18
1.0173908255047258e-18
5.854928943263269e-13
1.1729952748001028e-12
2.7204179497549997e-12
3.4033331128786553e-13
6.439179409778043e-13
3.592479447539545e-14
2.7365717952210254e-17
4.379610854959179e-18
1.3438241948457433e-17
3.57473342931442e-15
4.2876821977540085e-20
6.701363693961022e-16
1.9536724854933802e-13
6.066842650075741e-19
3.501207511875789e-16
4.431193357424501e-25
1.1969439285166194e-18
2.957422293096744e-19
4.682704285296359e-30
7.710187161198774e-47
2.917741089952893e-41
1.7144738742739862e-37
1.390646835026173e-15
1.0089081486496634e-19
5.745387478038966e-16
4.616156037665379e-16
2.8424624510246567e-17
3.689343202300404e-15
9.691128691263433e-13
6.847805411499366e-15
7.135605887846282e-14
2.44983651851639e-14
3.773121052503505e-14
1.3929820045421566e-15
8.199047005630177e-16
5.728703843393549e-12
1.5392474391451884e-12
5.870998685506706e-13
3.0820993695548663e-12
3.5900664642722646e-12
1.189562494579387e-12
1.3936313921195248e-23
4.791642538229201e-19
4.352970755520725e-19
1.804742345670138e-17
3.316787761890481e-33
3.897398532510981e-14
2.4512276375926882e-14
4.288415818135469e-37
3.968931049151223e-30
1.1179856072632817e-21
2.379454029033886e-21
2.9894095708654467e-40
2.291748565052808e-30
1.1959636258345616e-17
9.747898612846085e-19
1.3853572789988417e-26
2.7111057154602095e-43
9.699072397899693e-50
3.788272781735173e-45
8.747872942946139e-51
3.4556264891869243e-47
2.815366146981158e-47
1.190134315995718e-41
8.595398338240899e-37
7.286068322289989e-44
8.185189314224434e-46
3.776099735097336e-25
3.5906482010948395e-19
7.37445302823231e-18
6.402635849785364e-23
5.273059766357433e-15
4.167692967011051e-23
9.562220825915718e-22
2.281084663280937e-17
1.8601786988558994e-14
9.546102594128419e-16
1.8994081012162252e-22
1.5396816469113136e-38
7.676715877072008e-22
2.9483141232288773e-28
2.8294350017330956e-27
2.886139408350067e-44
3.530592334124975e-17
2.4518948281839125e-17
3.0451848096367565e-36
7.506227095231786e-35
1.406287281158342e-22
4.366890223127468e-24
3.504023620343745e-22
2.4203080092785215e-22
4.80100383765783e-16
3.9605021263488455e-14
7.568647741053761e-23
2.0728236949520803e-21
2.9597598578641057e-18
1.5558104349844113e-12
1.2730899523998962e-11
3.4098113963178295e-11
2.2872953501747967e-14
4.4697574150860665e-13
4.17478707782183e-14
4.817047811379886e-15
1.577360020645604e-21
7.04207627563407e-61
2.1639097009635247e-41
1.0177926066260145e-12
2.467049154790953e-21
2.0609889262827835e-15
5.266209902672693e-13
7.6587043936184e-13
2.8028636625048202e-12
2.5643014946373426e-13
8.667133213514584e-18
1.3311012181984642e-20
7.076727578490012e-22
1.5761357254360746e-18
1.8861757610701586e-18
2.8390260528503476e-14
5.5879579012004615e-19
1.12833890972746e-16
5.418485696582463e-16
9.34749541361119e-13
5.212218794599705e-16
2.506731384610224e-17
9.667030094825269e-18
1.4438935630856301e-22
5.14371508430181e-15
1.0569609617709574e-15
5.380826534387282e-15
3.3098960254471186e-13
3.8021137153681696e-13
2.5592455227262447e-12
1.2974435962108523e-14
9.79224571220643e-17
6.807691394950647e-15
1.0366745023950336e-11
2.808316956215625e-14
3.881924533508614e-13
2.1346022054152502e-22
6.47731741674068e-17
1.3043302921105697e-27
4.2281217595089176e-30
5.050925770833917e-27
1.1899838630616441e-55
3.27203786588867e-35
2.569792825569493e-25
4.937890766258778e-28
1.2088370488175031e-20
1.305652600992123e-56
4.80714536871787e-49
2.4452583808397154e-27
3.1416070965506226e-17
6.046520463581946e-16
2.410188410307471e-49
3.582577831013818e-58
2.949213451447042e-29
2.7269433542800173e-14
2.1077089039941768e-19
3.97851057734394e-15
3.448044071852163e-14
9.212503912961757e-13
9.672726096176968e-17
6.438417992639148e-19
7.70864472938557e-17
8.410115068837277e-11
1.0808415899186447e-10
2.4026289258895886e-09
1.4542139398486505e-12
4.549554475838421e-15
3.8213392260167203e-16
1.8023877528743256e-14
1.8325886394822615e-16
3.021101407721872e-14
9.110676430746888e-11
6.826887786855874e-13
2.5215696995180673e-11
1.821287711326326e-26
1.209520230615182e-32
2.2257222888861577e-23
2.4657230142342494e-26
6.281621951443062e-23
6.566998489626746e-31
1.5888275974195235e-20
1.1855741307498244e-18
2.9934546276603945e-23
1.887568297383882e-19
8.033411277132199e-14
8.2594526447217e-11
6.863688592361947e-23
1.0594702397011045e-41
5.00282047131922e-16
3.979744871153537e-43
1.3835189473206048e-47
1.2003623751961718e-24
5.554310786275641e-27
5.9775421571545664e-18
1.243720676463014e-14
5.263057035911395e-22
2.380786366275513e-27
2.172558704450625e-51
1.6595116812843718e-43
1.7664602152871718e-40
1.2192268633063564e-36
1.2519359292125956e-25
8.943131180966554e-34
1.8272609457951503e-48
1.969329804889354e-22
2.9517191886177515e-24
1.8000425808374425e-50
2.2138236150421796e-26
2.2755713381808393e-20
1.5438478607681378e-27
1.1450304938343396e-21
3.3893035236456466e-19
7.284318159745567e-17
1.4108616185319078e-22
8.719713221496461e-47
1.5220112972873127e-23
9.483087564960515e-23
9.021674395960783e-24
7.882249836623086e-19
7.432548726678193e-13
2.337580742250586e-12
6.483253520445972e-11
8.84167277816971e-22
9.962005627036445e-25
1.0636871900442361e-24
1.3179990674559242e-21
9.898067182244254e-25
3.3633306400465585e-17
4.8754640788008657e-11
1.618521131927238e-13
1.9088299081612975e-12
7.398155896413838e-12
4.544386921037832e-12
1.6224229885772153e-11
2.870215087894756e-12
4.1733851323079536e-13
9.146844014260013e-14
3.1022996410330145e-15
1.794774214193653e-15
9.58182485290594e-13
1.1977736522397431e-12
3.787606118301669e-19
5.6747853661132094e-28
1.9018040336122667e-18
5.168793937720553e-22
7.744064433384561e-21
9.62951672076725e-14
3.7077429753117316e-22
2.703032962253279e-23
6.7609146827992904e-21
2.0372977044119856e-23
9.305747211087368e-21
2.8938733419725763e-28
1.9375822527254075e-28
1.3658235139646678e-27
1.0247362340872914e-24
2.113472480189735e-19
7.774046419264799e-25
1.8353668755674592e-27
6.948754553454492e-25
1.1825903390725495e-21
1.808495183289731e-26
4.429828819201963e-21
1.453142312309995e-19
1.078956569515591e-11
1.387792290866438e-10
1.529460806756253e-12
2.1689640235317818e-11
5.470172440393416e-14
7.722125331428888e-13
1.2396151814049164e-11
1.2282782461092856e-12
1.842412534920223e-12
4.504624068971024e-11
1.0818019004633055e-11
6.049760454432071e-14
1.8922861709348774e-14
1.6377343296630593e-14
9.137693630396036e-15
3.689552469374308e-13
1.128967320849795e-14
3.0762002293442083e-12
6.716117252675473e-13
6.0551895854493e-14
7.850276609170394e-19
2.5387591035119086e-20
2.897895753709545e-29
1.8788508379620873e-27
3.2910501360290554e-13
1.381045872732794e-22
1.0145044806192937e-23
1.9084905576246513e-16
5.998278032746293e-26
2.7049769064513915e-16
8.760711010648367e-21
2.678273146657141e-16
2.93639992394525e-16
2.506988519636918e-16
2.542501460837063e-13
7.065739813702662e-13
7.692798191927791e-13
3.630472276591885e-14
1.3131823752537332e-12
3.207228600988971e-12
3.800275952239355e-13
5.287587419574248e-13
1.6157390152121737e-12
2.467752830867197e-16
1.4289087466997072e-13
1.538317602871276e-12
7.596188314423903e-20
1.1285769843389638e-31
2.47821799010042e-35
2.8598654996199164e-33
1.578512988457943e-19
9.715708917250949e-20
8.581080166996946e-21
5.483174822852805e-23
1.4976652411649074e-22
2.249866592353645e-19
1.5614957814293673e-21
3.019144899254618e-20
1.240278360507197e-26
1.7163994592987326e-20
1.4424010383089647e-20
1.914255621544073e-23
1.0466733610015948e-24
1.4395201294130437e-22
6.002264332374847e-21
3.49623069889796e-25
4.742035937694506e-25
3.3150168474261596e-26
3.0409111910975642e-24
9.656539693628801e-24
2.5850643143831386e-21
7.529555466345339e-21
1.844582507528225e-20
4.422968923676283e-21
1.6346296939255874e-22
2.2274464192915378e-23
1.51748265232499e-23
7.139116249421909e-20
6.678341577647088e-23
8.380620515957904e-23
7.914891605444243e-21
3.3300637398031377e-22
3.2855591061944245e-21
2.1540984319406724e-22
2.243950637814999e-19
4.861091023218581e-17
4.0423535425306946e-19
1.4970234906597766e-20
1.1382449283779985e-32
1.6390748010708646e-22
2.0332577378830708e-21
5.1034818066972207e-23
3.981885889527965e-19
9.714054244440962e-26
1.0254323300763791e-22
2.0152330497049292e-20
5.954142884808334e-25
6.183051854768731e-27
8.557461656669027e-28
8.9397015224338e-22
3.0768472516993777e-31
3.4367081716069646e-34
1.8254266745642102e-18
2.623172584402905e-24
5.182298399637613e-20
3.887080105759601e-23
2.350785456335161e-21
5.309652068904193e-21
1.1397224497817785e-22
1.3810637802562552e-22
1.2127315085212645e-21
3.1026721080216864e-17
1.6327287038620836e-20
1.0411059352124487e-19
1.6557530698262803e-19
1.8694267228593076e-20
2.5114376814972702e-20
6.166655904807574e-21
1.4224239089424365e-19
8.76816687417488e-19
1.2346897084546451e-21
9.193827518756309e-20
8.990916473551569e-26
4.2576924858152647e-19
2.761023541981104e-21
1.7277124158854646e-20
2.9982194902271178e-18
8.467398696043547e-21
6.43382265275243e-21
2.410593779263236e-22
1.628130807542306e-114
1.0954307398868798e-22
1.045859863220949e-19
4.2970927497228354e-20
1.374992528031116e-21
3.6990663381817445e-22
2.959513154621948e-24
8.437074088044364e-22
1.0929879476531431e-19
9.080761940859052e-21
3.1427227716899425e-19
6.498094292752246e-19
4.589968172325642e-20
2.8942233877760085e-22
1.898812927197102e-20
3.5920796672408335e-22
3.416100719196067e-22
1.6478620970746602e-21
2.137816317350869e-20
1.7747127079969505e-20
1.1007707006765817e-19
1.6020058022759323e-23
4.154609037981294e-21
7.864030364135719e-23
5.064089413030304e-23
1.2657019934420251e-21
4.514409279398432e-24
1.2471650311416033e-21
2.683432006247015e-23
2.903633159956261e-22
8.764407461556098e-24
1.2220625668037114e-26
3.3880511869853524e-32
3.161847290094142e-45
5.813942464684226e-45
1.5519085847808924e-41
4.19327149313686e-45
7.130025108478212e-17
4.255861542234507e-19
8.716674166591781e-23
1.3676742227025464e-36
8.264292281853976e-29
2.5192850423973323e-12
1.2262846395711338e-12
4.2288980310332445e-12
1.092816400018346e-12
3.03553746966389e-12
7.316045523044884e-14
3.4091108488393275e-19
1.406177342684684e-17
4.324958751053869e-12
2.260823200324668e-09
5.446517605779846e-16
7.907337229462309e-10
4.44721889455972e-11
6.219854856140919e-10
2.879494011725256e-11
3.3942453439574607e-12
2.7573530469988874e-14
1.7698875325978542e-11
1.722593876866804e-11
3.774884522794507e-15
8.473382869632603e-16
2.7031870813815266e-25
3.7223727120575517e-17
3.262778022342353e-13
2.6268830526405224e-12
2.3281313616426274e-13
2.9822805981295636e-186
6.360960625068421e-12
5.932136422912601e-17
1.3796763192642413e-12
1.2946545397867841e-15
1.3732100892584004e-12
3.5893451513106474e-11
2.6357820450311555e-10
8.787133807464164e-13
8.247258224285225e-13
2.280004041245016e-21
6.538475676315391e-13
2.161877425085976e-11
3.415845984892742e-15
4.715550739996673e-13
1.853500910251269e-12
5.310940177901479e-17
1.789166174541442e-14
6.0384220730238215e-12
1.476730884827063e-10
1.1275934930508674e-12
3.1877324361788525e-11
4.854734665965592e-19
3.872658084852315e-17
1.8408784401169897e-17
1.3622607108457568e-16
7.738807338162694e-17
1.1526148643914774e-17
2.5989768951785977e-16
2.1836053204211315e-15
2.670223366627681e-18
7.40806344801769e-20
2.804765505722405e-16
1.4917705088035312e-16
1.2582398473530814e-17
5.587227308355135e-18
4.175551299248404e-17
2.6760758607668743e-18
8.240648447933418e-16
3.158035838397067e-18
8.436392930191577e-17
3.804269394344854e-16
8.815930034253334e-15
2.9096147146578114e-15
7.698250896350649e-13
2.413405357388665e-15
5.78118114284231e-13
4.874932969904726e-12
1.7019012082248102e-12
6.786717090962414e-23
3.660070981419575e-24
7.854003362511102e-15
1.2804166247942483e-14
3.028102890994688e-14
8.432606491794748e-15
1.6059454036269072e-16
2.814938691699441e-16
4.7796978333564113e-14
6.346877516482323e-15
6.44778021335279e-15
7.385879693487937e-15
5.442059699128592e-15
2.7500286842786984e-15
6.377833637351885e-16
5.609631978099459e-14
1.352436544607459e-15
2.8078470272762083e-13
2.2877715419229433e-15
1.1544268643278014e-13
6.7791309523245924e-15
3.1186481824664133e-12
2.1693246489167397e-13
4.489266017172398e-13
3.514238117662085e-14
4.43990421321581e-14
4.0294736940771786e-11
1.1706107824870765e-11
7.681670271176486e-11
2.6647688442588434e-12
7.623422143554387e-13
8.682356997801056e-12
1.6287895901810417e-13
1.2410093987473426e-12
8.855038899058419e-13
5.51499282343621e-29
2.5805525469443894e-12
1.1069728722679069e-10
1.6155874891192426e-11
7.517126368666231e-12
2.5448119244142526e-14
3.051006656375649e-14
2.0067545512552513e-12
9.343678009129118e-12
6.343352313607156e-12
1.6314630099265118e-12
5.953856040130322e-13
3.19190405686713e-13
1.0773119748492703e-16
3.564263525349775e-11
5.391054351204861e-12
1.981284565097248e-11
8.673557563431571e-13
9.965110584400336e-11
7.621195243596714e-12
7.196648168307243e-11
7.294597732146843e-11
5.043052708072245e-10
5.755876026017585e-08
4.609205205488834e-08
1.1760051439885213e-14
3.9251740088520915e-08
4.744150240878152e-08
1.71090079370519e-07
1.6957933968601068e-09
1.8623894567053038e-06
6.715730205778434e-05
1.0721059069184175e-05
1.0868742656703099e-05
2.2031771988816957e-06
3.647952224433159e-08
2.2418990424574356e-05
6.747017407412905e-10
0.0001901273575672159
0.000169014936278219
6.408248244219561e-05
2.870452670881922e-07
4.027381192367282e-07
7.708567569457864e-07
1.5178724774611202e-06
1.4384967088876333e-06
8.43284613872972e-05
0.0002095918235367595
0.00012224073986634955
0.00010319056400409301
0.0004193103183083873
0.00010977527361838039
0.00032039249141767355
0.0008227911040230118
3.1165379362894814e-05
0.0009487802280269717
0.0006707485718974618
0.00045440120777209093
0.0006204926397548058
0.0008237719872790089
0.0010966898532097568
0.0014026495444507121
0.00245598306344956
0.005530281697569741
0.005856432045855403
0.0055470461177917875
0.004133565446171531
0.0079391728474188
0.005841384631044134
0.004884451720862036
0.011397757210169782
0.01237899417063497
0.00012926172252461827
0.018437207867112244
0.02541002996659209
0.04256993843587611
0.005787869927175302
0.008456274257555981
0.028053790632759146
0.0031666189966935887
0.013794411915718353
0.075308144024683
0.04278621618519392
0.06206148698923956
0.09245738152468302
0.034586406884085076
3.147016610330616e-14
0.0010660446499535113
0.06832943109350484
0.05741054124751296
0.08603763035587729
0.025665631934623356
0.009171846387011833
0.00058999182613789
2.172657990335215e-06
3.982335357421126e-09
1.6295941510088512e-10
1.4569225783917126e-10
1.136171651318811e-09
2.8048696059216194e-10
5.798902950047304e-10
1.4975911794664258e-09
1.8864183599076146e-09
4.780258830183024e-09
6.060317694603977e-09
6.0936434603638935e-09
4.034579498679925e-08
9.360503292125955e-08
1.7628613464075086e-08
2.904938469672409e-10
5.417891122261082e-09
7.990166959509717e-09
2.015730557673383e-08
2.614834402996961e-07
2.3315466629430938e-08
1.8230296635977374e-08
3.3214437685101376e-08
3.6026147561418075e-08
2.256596205868784e-09
2.5414494205601477e-09
3.259735482743837e-08
3.4157061337303697e-07
6.50603430629523e-09
5.049902182011716e-11
2.2165791944895592e-12
4.006683124769064e-10
1.1047395923607598e-11
1.0696253140742453e-12
3.146162395856768e-11
2.246737331002245e-12
1.2528756637909003e-12
6.779259711325804e-13
4.212437760101556e-13
2.9370902691023505e-13
4.2624708056695804e-10
8.114151993588957e-15
2.255410631309128e-13
2.3764762787878233e-14
2.305426032872098e-15
6.095047025541121e-16
4.7801048955449206e-17
4.4815783676900945e-17
1.77138433369361e-20
1.6839144478901885e-20
6.100939700261301e-19
5.599635562886808e-20
5.732779882985179e-19
2.095914722095575e-23
1.1773245315950506e-21
2.123063204195004e-23
1.6142746485485252e-24
1.7079568452196376e-26
3.0936352326877212e-24
1.256379008631043e-24
4.4284404155084167e-26
6.816501803269226e-25
1.2417415387003075e-24
2.4530260237231757e-26
2.3444597377526396e-24
3.9601631390302313e-25
4.9037656820878224e-11
2.428067309431063e-09
1.8930858401640776e-08
8.478039643288253e-08
6.963709246529012e-08
3.1103880254768307e-08
2.254679834136649e-09
3.936266545278048e-09
4.854105767811291e-09
7.072663535964571e-09
3.1443845292030396e-09
3.38063654055992e-09
3.2244186039328074e-09
2.0862712410640597e-09
2.2032740478073652e-10
1.7008406093974447e-09
9.830419052736174e-11
7.160601558044363e-11
9.837929679761558e-10
1.7015688165115118e-09
1.2985211873193892e-09
1.7604136978565859e-09
5.899725268496039e-10
1.3003297149703943e-06
7.438457617553934e-08
1.0963869314552787e-08
7.028732062022629e-09
9.288179183795085e-10
1.6000590366119838e-09
1.0125471439465396e-09
4.5465998822934604e-10
5.871994942082301e-10
1.87941482299397e-09
6.649535550123695e-10
1.143262429462659e-09
6.06245341226494e-10
1.3218890418800975e-06
2.9952861265820995e-10
9.239483750481967e-10
7.335221325449397e-10
8.115661063566897e-10
4.1018860105515156e-10
1.5159415331660765e-10
5.324981504005535e-10
7.679761665532774e-10
8.201838693748105e-10
4.8613298301166325e-09
4.695305139517765e-10
7.3817920842695785e-09
1.1061882493035257e-08
1.5801091396988946e-09
2.2026074012345325e-10
1.999854547983455e-11
1.0710022926576954e-08
9.195431515968062e-09
8.478438414586463e-11
4.957941311118992e-10
1.2792012763995793e-10
7.143927096260224e-10
3.64464112945628e-15
2.7533754396172724e-09
1.7118011324055806e-07
1.7532006043620318e-09
5.3696281330314965e-09
3.3954115351972907e-09
1.7577786788868984e-10
3.3400074413159053e-10
2.459477312799959e-09
5.139857719500471e-10
2.0328618291770365e-10
9.27262379225308e-11
3.0335733819751737e-10
9.200643633973184e-11
1.9241608250441006e-11
1.6670609285461055e-10
2.3676473467820744e-11
3.0716637161826095e-11
9.238163263238223e-12
1.0674588897402228e-11
4.5821053183801306e-11
5.214208983548376e-11
5.1175776250533436e-08
5.8875884535340224e-12
4.4692476752952666e-11
5.978574369754696e-11
7.311918234383597e-11
4.68946982578611e-11
3.1641344513885265e-11
4.789502681162769e-11
1.1660316545996236e-10
2.267632356026841e-10
5.761587476172023e-11
6.084964288117619e-11
3.291309035872556e-11
1.9502380681940306e-11
2.122096147868098e-11
1.0926665019908413e-10
1.685930773160886e-12
8.004842910222324e-11
1.0913566069177549e-10
7.923789572585935e-11
1.1475377301757723e-10
1.123912022932809e-11
2.2637543128607567e-08
1.9546388162757174e-05
0.001778213523546746
0.002525058762103126
0.0016337693957613258
0.00619377663050237
0.004745276148202439
0.005049874180500743
0.008450469321109863
0.0038707617968991976
0.012367187783271609
0.015020557101372478
0.01145283447085313
0.0131122165612607
0.005650402037739732
0.003927913556359668
0.012845725965172798
0.0017106522039927546
0.013706504293198335
0.005847152775010509
0.004779731529052778
0.010881292375799566
0.006245034757887821
0.0029853785338773914
0.017681421472783104
0.017975177585754454
0.01569480788458937
0.019429427294671595
0.019400419766890505
0.01927984125983665
0.014603786450591261
0.010074588764976713
0.0038749989722017277
0.0054975043956268866
0.008790790460711507
0.00458900625156452
0.012291134119061263
0.016296822277986015
0.013827404266784233
0.0008500154342810229
0.4673356553507654
0.595658747220166
0.25006856675353817
0.7637663937197986
1.2230095350771106
0.4092537499906358
1.1571349058581513
0.9279545492638447
1.3827321039182427
0.6801486181366999
1.6609815059171191
0.8202738326740237
1.7021202893485385
0.8949046112232659
0.9616598783145398
1.391816077689513
1.1539124351051824
0.5162263692825524
3.1700041544975917
2.339727803568755
0.9524286018225455
1.124550587794808
1.0756177312882562
1.3988079035751722
0.9925245525239395
0.4119258337684939
0.6591210709514242
2.3022058591245718
1.4982182852086756
1.0960231149285997
0.2153838609386606
0.4511014997965435
0.3025309105163737
1.386352542985656
1.5593068010499895
0.9030539993497161
0.8283694929134963
1.1693163369680413
1.1534389699682899
0.5968674791650563
1.0925706281577556
0.4881265545352471
0.08106582270113054
0.9700261148563151
1.1033052910673165
1.0919319988869345
1.7134765472561848
0.12921130520022062
1.8917683108371701
1.5465401883945225
1.5133693709730247
0.41001232624071454
0.03586405981788776
1.6128746906501719
0.3557817816295761
1.0963401304233305
3.095804324573961
1.2515136192269753
1.5748671851875362
2.2187625077667383
1.2643008054380565
1.6419809289227465
0.7350557624049167
0.9966648144563917
0.7291358887178441
0.8635710875360076
0.296923679333266
0.017582344656719307
0.031182896434159557
1.1089196772124736
1.0672481083008678
0.5050716257747717
0.5030479997382362
0.22351707737911425
0.023673905306023663
0.0011758057636960463
1.362313806347771e-05
0.8058848243298945
0.48536624200065154
0.6895667233297101
0.22747163035742374
0.424136868834909
0.39714051568378456
0.6243743818052938
0.2274273398923053
0.18138089825872428
0.014287593538073616
8.532928600443177e-14
3.801464958467306e-11
5.897471977023405e-12
1.47675528626159e-11
3.1063357323855125e-13
3.2107644358216648e-12
3.533532068555101e-14
2.2130266208748406e-12
1.3376074145575361e-11
2.0432202940759405e-11
1.5847368782576678e-13
2.8472561622515747e-12
6.340698917567921e-11
3.1897889592130545e-10
7.6961235920209e-12
4.3622746718370055e-14
5.8740550807542e-12
5.7219832470352995e-11
1.0936934327961681e-11
3.914696637444318e-17
1.6203538650173902e-24
2.9849669502299633e-22
1.0950497092890256e-27
5.22427434668306e-31
3.6432113176647966e-29
3.758748978140259e-27
2.276189997298774e-25
2.6237918191710107e-17
2.8015288927780736e-16
2.5764694463726045e-14
8.175901687827805e-17
5.988154637144119e-22
8.0057347555084435e-25
1.6939120908124422e-23
1.1344707114056555e-26
2.9176710256765754e-15
7.910663503399913e-15
3.457020275176851e-22
3.008275317180027e-18
1.1166938752299321e-20
5.1743062652605995e-20
9.798719624929778e-23
5.498698808120778e-15
1.720820613238173e-11
4.294216290213284e-12
3.3749253811037196e-14
1.6553253472987609e-15
3.0298524517932535e-12
1.5724422446395645e-10
1.4991465666576427e-11
5.794591974971879e-11
1.2140569763654108e-09
5.254639217115228e-10
1.3714994509160027e-09
2.73751345284871e-11
3.0551469407645403e-21
4.673415409170146e-25
2.7391547349220957e-12
2.0938000895675012e-11
1.3036434372316114e-09
3.9070851094580796e-13
2.0204920202162274e-10
3.1857756902238074e-11
1.3206301471087023e-12
2.6864393035913998e-19
8.457773798408413e-41
1.567341324600206e-15
5.058828516843487e-17
1.2527097180038994e-22
3.481690923156002e-26
6.993986673721472e-27
2.2048660422246246e-23
6.076329811483014e-16
1.0064410164150973e-26
4.358070809887094e-16
3.716344486895677e-14
6.96798597277298e-27
7.242813811219834e-23
7.827412592161013e-20
3.280165878691397e-17
2.1872815097837764e-24
3.3123481375191467e-23
1.9758059212668177e-16
1.1024594688075913e-17
4.997024663095423e-24
1.0663096690947498e-24
4.046503996337477e-15
3.190717809727484e-16
3.960519360048162e-20
7.443713680507211e-17
5.648993215783659e-13
2.2253354392213658e-13
9.296737216592154e-14
2.442440339369106e-12
4.038837545146918e-12
2.7719406437646633e-14
2.853455674877064e-16
2.484538301375131e-14
2.8709492676990288e-15
4.932993402878574e-19
2.8850832977971416e-15
1.814411223138092e-15
3.7711411753346274e-13
6.453393792143263e-22
4.240727782307042e-19
2.6668331285578067e-17
1.514435084721827e-17
5.851618712882389e-20
2.1412030225091627e-21
2.7679495693458226e-23
2.9290100871081804e-21
8.996356929379409e-25
3.1147322415960466e-27
1.1638640381498706e-25
1.635864928198827e-20
1.7202579949055854e-17
5.574620234901618e-14
3.4270102993487226e-12
6.6807370805163776e-15
2.246344189088304e-12
3.01374122148616e-12
6.789782993537827e-12
1.1100978041209066e-12
2.3376568520687526e-12
4.986241220181292e-12
2.500744012031618e-14
1.938910423908766e-13
4.217779570022529e-12
6.185983520687316e-12
1.008983757744114e-11
7.99517201606218e-13
1.3213362586939528e-13
5.6347008312484797e-14
5.970261122946265e-13
1.901727195056272e-11
1.7576253503756248e-11
2.33410189073973e-12
1.3582077951079946e-11
3.5402738790679866e-12
3.332718103965489e-13
5.422501098522552e-15
9.181789600216978e-11
1.5691390506432562e-21
5.3802802925050824e-12
5.757930494727387e-11
1.1307251840745469e-11
7.842541636795108e-13
1.0525244671424474e-17
6.719656266700961e-15
4.0722487020231647e-22
6.768512091385519e-12
1.8779824346795535e-12
2.4780898482322883e-12
4.242278931474328e-12
4.4964113959430614e-12
5.79297407165832e-12
4.929614135038924e-12
9.816946854046695e-14
1.6325380309995637e-12
1.1215329242497244e-11
8.813057705814085e-12
7.289633150055574e-12
7.217480896182537e-13
6.722768528694299e-15
2.2141468697079527e-15
6.176803880950572e-14
5.102958916647863e-14
5.13500997650233e-13
2.878349309919821e-14
7.35984091058951e-14
1.9121094049862395e-18
1.521611310880787e-23
3.2136879922039864e-25
8.609110362370259e-15
3.871270046493199e-14
5.219821074133369e-12
6.367613634564102e-21
7.345128147313063e-13
1.9488328022613558e-12
2.5258734430313765e-14
1.0353353401261982e-11
1.660510283516513e-12
6.700293877593581e-14
1.1153575227520834e-10
1.4044668973605257e-10
4.523034239637438e-13
9.324723735685814e-14
1.4229375614343454e-11
1.4296712427711324e-13
7.656760757173055e-15
8.374237237865955e-22
2.8090887264123285e-22
4.388122763917838e-19
1.2018785780711519e-23
8.800184494803586e-19
3.1459815328925704e-28
1.481406685589082e-45
1.6325560045442505e-58
3.232269297161334e-70
8.696808719592115e-62
3.7078975599853744e-56
1.3404987351171997e-47
6.6642728038773405e-15
6.871336432363106e-13
2.6523420700064503e-13
9.737082602930356e-13
3.2293601431504786e-15
9.760680662685642e-13
1.954356241470944e-11
9.062188094109962e-17
6.716040127494445e-11
1.02849413452436e-10
2.834509908572452e-11
1.543651682630205e-11
7.73939521331217e-10
7.794203929776292e-11
7.853825835087523e-11
4.0429346320897416e-11
9.293718414149332e-12
2.199245787182991e-15
1.351841636961057e-16
1.056598757991473e-12
4.150897151268988e-13
4.348204089499644e-24
1.1590724182852343e-20
8.11159457105353e-19
5.230720316858877e-23
3.963373052998537e-13
1.5935913158881421e-12
7.204695479672575e-11
3.098553447298255e-16
4.786155375100569e-19
7.349877109632195e-22
3.6865579076677336e-25
7.012946280433663e-23
3.1294631756356496e-23
4.134707899152003e-14
4.518437245601172e-12
2.295996442344331e-11
1.8834022959899674e-15
1.2298247057594622e-24
2.1555141886287946e-18
5.89239574684554e-24
4.8088646716930585e-25
1.0112560354719258e-17
1.641797581972387e-12
2.7212564462981875e-13
1.956556655137472e-12
9.932141221819426e-16
7.717548457811874e-14
1.0351222557121348e-14
9.250279358048578e-28
3.3912384230811925e-12
8.58927747621416e-13
2.9558844590830153e-12
5.697956765401795e-12
1.193163915619067e-19
2.73008335163875e-25
1.7315656709939254e-52
6.613688276969393e-32
2.5521071715363654e-33
2.4649183980066307e-13
1.9543900249233835e-13
2.938914265767341e-14
1.1100590055184999e-16
6.400703965819968e-14
8.709158708417245e-13
1.6690399722276708e-21
8.549887505291975e-21
2.6416199086259954e-23
1.7920470926031986e-39
5.250455214703593e-36
4.2132392130253875e-17
9.28229934197323e-23
4.168475573642748e-25
1.533989122481864e-25
3.4896742328780724e-20
3.3305105118544418e-28
2.8542471981406877e-29
9.192076934340129e-26
1.9199963932183364e-28
2.5836689477136855e-27
3.864005081272306e-27
7.157143609782492e-14
5.2448021083536235e-25
1.012093997977201e-23
1.0942319339519385e-20
1.2918388135570996e-17
1.2855788154254961e-23
7.131462019851348e-23
1.066003466953845e-22
1.4905600023106074e-15
5.542216660868649e-23
6.323031966710175e-15
2.4594133810802418e-14
6.840782665753148e-13
4.699453117303321e-13
2.6919585782839265e-11
6.35405561133521e-14
1.3953795417963137e-16
2.3716358755336083e-19
2.0261672378031444e-10
2.8306951269170895e-13
5.257976861305747e-12
2.7640963510367835e-11
1.7757406723334453e-11
3.1410595106013213e-12
2.1659455777263586e-12
1.818359574028099e-13
2.281957046309691e-14
1.101183333107073e-18
2.610664184417584e-15
1.4853185127693832e-14
2.5616759378187743e-17
5.4019741573097406e-43
1.2507130825546526e-23
2.569158118280822e-19
2.544795782252245e-13
4.967190997101996e-15
4.1563764432051886e-22
1.1175651894671097e-13
2.8476575542788126e-27
6.4979906331754905e-24
6.13931418537463e-20
1.8810166493385821e-19
4.2053350776663713e-19
1.4609950693761454e-16
2.100134974698959e-13
8.865208301547258e-18
1.0282424742467955e-11
9.962778471332442e-25
9.878050295871474e-14
1.76235681901017e-11
1.8946801001807224e-10
9.110278596647449e-11
1.219162834764596e-09
8.504621857622449e-10
1.6841518640530247e-10
3.806238048988691e-09
6.612222682339922e-10
2.68891119062646e-10
1.5350814336177173e-11
1.4765742293509826e-18
2.859780406365524e-32
2.1638626518245944e-20
5.040901592970944e-22
2.0387240309753463e-22
9.452850934555667e-21
3.955050612726985e-23
1.1163401588515677e-13
3.85113484169909e-11
1.0503679521180205e-13
1.672291442355848e-14
2.8308224532587162e-15
1.431306666859116e-14
1.7939322829551655e-12
1.8452878069482096e-16
2.8925341070190043e-14
2.8106055346182294e-17
4.974064183850405e-15
5.257094050936657e-22
1.577537131982923e-26
5.796737876619201e-13
5.706214349398926e-28
1.0124657006767704e-14
3.2017042652830393e-15
7.019502060014473e-14
4.528991776494118e-25
3.6018557569532013e-23
2.7062844477552283e-22
2.5810621867834398e-16
3.419359159332325e-24
6.107184082854095e-13
9.450874459574547e-11
1.0886951385769736e-19
1.6607721852155672e-44
4.341438040864136e-21
6.916978034897887e-11
2.4568103706297074e-11
4.26993619914231e-11
2.369595357335952e-10
3.663274671400966e-11
6.149410527120291e-13
6.8028725829708925e-12
1.2236486345972492e-11
1.0231218553012112e-11
4.6914688918915764e-11
3.649496443332495e-10
1.4211617643921347e-11
3.1368635595981594e-11
3.4267795792850397e-15
5.003874764239164e-18
6.013685926874015e-19
4.151959229286794e-11
1.2537622398218847e-12
1.135237609539155e-17
1.6356060245923396e-11
8.91754896411819e-19
5.553715430239954e-22
5.055432220347212e-23
2.140554440309857e-20
9.05274284538685e-20
6.181869837214309e-23
1.4054776786618313e-13
7.217585910673539e-28
3.669586289539436e-22
1.7605219795186223e-21
3.851382843256699e-24
3.457085574961349e-27
1.1370742137799936e-19
1.1346882426250939e-11
1.842396156513128e-15
1.043402127402427e-24
1.2343329053505781e-25
2.2876098379823306e-30
1.2851626459940665e-30
9.806669410277293e-47
1.1203700161753707e-48
5.077331456370179e-50
1.4094002291646929e-52
3.877152988986634e-45
1.4029010294288503e-56
2.8191764070506085e-56
8.175399490086289e-59
7.432892095441332e-58
4.10141310526446e-62
5.79596741765174e-62
4.951460303799643e-52
1.0123582271648485e-59
5.320728435411468e-57
7.622194816401324e-53
1.4770220880033219e-55
6.4417943686230776e-52
7.74803968087157e-48
3.196413621684869e-51
1.8722277508781067e-49
9.298003019520226e-47
2.2227951759862344e-53
2.7508596442856647e-48
9.654035949646843e-50
7.908313516663269e-39
1.1903543486675116e-39
5.695678592850295e-43
5.857435203436745e-41
3.807943498025722e-43
1.625082124188542e-49
2.462886354416301e-48
1.7802613187536275e-46
1.7175347728352618e-47
4.686273904023539e-44
2.5775440395855322e-49
4.2826704778359415e-47
2.7556245509508835e-54
6.220468939948242e-42
1.0126084374500476e-44
2.172910323739591e-41
7.400377975382417e-49
3.113378382516374e-48
1.3592493767316666e-52
1.82680478855419e-53
7.355232407661296e-56
5.5210808769806705e-52
7.074628407070513e-55
2.935290888828096e-59
3.4271662151144704e-52
2.104995182127971e-50
2.1846550555003727e-43
4.403979699945489e-50
1.3807462202343808e-61
2.719628075078689e-46
8.288244598034587e-58
2.3294450205289146e-54
1.6859595808605385e-57
3.0038242208566723e-58
1.888830781188071e-54
1.6618145503612927e-55
1.2785813107246777e-50
9.924100735847383e-55
4.03634043602335e-55
1.0391239805331649e-49
1.776856863593368e-48
2.3063627086260105e-46
6.843812489297481e-60
3.6142546254132326e-51
2.2550042972275815e-47
1.7944280060671603e-53
9.45324953074592e-46
1.942490774330173e-43
7.588793211107873e-49
2.5433677661773016e-52
2.51826253544876e-55
3.5346250854260894e-56
1.3633708075761962e-46
2.4683689962181216e-50
8.164869721399181e-54
1.9271785973224866e-43
4.414296072477662e-44
3.053148563788017e-44
8.397977424812108e-51
5.0525288613060845e-46
9.580737716710369e-58
2.778514833479954e-51
2.7580786092453557e-52
1.448263950498311e-45
3.2422524820180194e-51
3.0289414907434228e-55
7.216460815832893e-53
5.368468693926313e-53
4.260640431881959e-58
3.584191404627726e-39
3.9097000077804405e-59
9.326287550364517e-54
3.238598787654436e-57
9.89607210219351e-63
5.881124250330856e-55
2.7425412175751284e-61
2.321272354516245e-58
1.4807553848976037e-52
9.48587791011944e-49
1.1497456361452466e-49
2.0279711216259675e-46
8.735378104618124e-49
1.7303452203894984e-43
2.8289532079766097e-47
2.2539240949729126e-46
2.3197748377659656e-50
8.884745416830287e-56
1.1625064708743093e-53
5.408960055480093e-56
3.7810922584694696e-56
1.9689618730627175e-54
3.129213632307346e-57
1.5861907667591263e-59
5.562453107457742e-54
2.4835172144094657e-59
1.6013290890418897e-58
3.9890993580290675e-54
6.880094180664174e-51
2.1056607686092016e-57
9.595863924370156e-44
1.8335359328638308e-48
7.417708833373549e-56
7.047698028303413e-55
9.844122017094394e-53
3.0536235489954426e-54
4.387338991753366e-40
2.0552382366944017e-50
2.819284132143969e-53
3.4140796028194264e-53
1.0218282902379203e-51
7.848153182201015e-56
5.473760364560092e-55
1.0205504812728123e-48
1.921506410620382e-54
1.385412989647366e-52
2.0483025492426038e-54
2.5089981250495768e-56
1.5579114302686705e-44
9.076847384553327e-50
1.1453813487031084e-47
1.6887129125932372e-41
7.808188935018627e-44
4.24680912793492e-51
1.3430093203350347e-50
2.540123061719665e-54
4.866679833303597e-59
4.434835957100713e-53
1.3168888412924276e-50
5.456968978585386e-50
7.647532565166663e-52
1.6390008180784412e-53
7.789988889597251e-53
1.497593037086388e-51
3.3157232157886956e-55
4.3910656853845035e-56
1.4299858415409556e-54
1.0960543005801724e-48
1.5109799635084174e-51
9.110709665004373e-54
1.1056564691090482e-47
2.3505679139796553e-50
6.256535612756438e-43
1.9821823813951003e-48
2.9487091291908575e-48
1.0094361584128302e-48
1.0879050754730888e-48
5.431750131439905e-40
1.041773433668878e-37
8.211304932794148e-13
9.953462458553695e-35
7.789369034690114e-45
3.2088739670693767e-35
1.264978583289246e-39
3.3186764472029835e-42
2.1164157185421732e-18
1.125641501790868e-38
1.9200259671264677e-39
1.3309759500891666e-36
3.9662386871875317e-35
