4227827049
4261376109
4261383992
4272557180
4272560821
4272564495
4278155160
4278162766
4281519254
4283746810
4283751595
4285347122
4286543502
4287476414
4288226511
4288833035
4288837952
4288842347
4288845509
4289343548
4289345309
4289349097
4289775077
4289786047
4290144168
4290453865
4290463538
4290467585
4290472745
4290746863
4290987897
4290988605
4290993618
4290997976
4291211749
4291411093
4291413514
4291581399
4291585737
4291588204
4291740452
4291753205
4291886436
4291892616
4291894119
4292022798
4292138467
4292261726
4292345697
4292460350
4292531655
4292547086
4292549418
4292618943
4292625540
4292629691
4292634090
4292700103
4292765968
4292780680
4292783953
4292841048
4292846817
4292901674
4292907525
4292911761
4292969761
4292970632
4293027590
4293030851
4293067203
4293081631
4293085695
4293123025
4293173987
4293179688
4293216594
4293223549
4293227275
4293229615
4293258001
4293260729
4293269585
4293306675
4293337459
4293355970
4293383366
4293387918
4293414461
4293418979
4293423627
4293447089
4293461711
4293486374
4293487448
4293490212
4293514861
4293518223
4293522224
4293545686
4293574680
4293577458
4293600843
4293607757
4293630780
4293646559
4293651503
4293673539
4293681271
4293684658
4293724067
4293727598
4293736099
4293745381
4293752456
4293760192
4293768103
4293772116
4293777427
4293805647
4293807306
4293815645
4293825854
4293832348
4293852967
4293861667
4293880158
4293881193
4293889355
4293896300
4293899997
4293918347
4293920085
4293926557
4293932717
4293942569
4293947026
4293953635
4293964088
4293973469
4293977883
4293986442
4293990275
4293994234
4294004007
4294007533
4294011079
4294012978
4294020813
4294028167
4294036687
4294045419
4294047147
4294058729
4294061260
4294069251
4294074786
4294077796
4294085677
4294088057
4294091087
4294094338
4294095933
4294098275
4294102503
4294106618
4294114473
4294119110
4294120342
4294129321
4294135487
4294139715
4294145339
4294148058
4294148661
4294150576
4294151358
4294158050
4294168494
4294174940
4294176219
4294180263
4294186957
4294189118
4294195521
4294199681
4294204564
4294205633
4294206437
4294207788
4294211256
4294212311
4294216041
4294223401
4294224134
4294226212
4294228923
4294232097
4294234833
4294237065
4294241019
4294245179
4294246847
4294253197
4294254816
4294262081
4294266867
4294270585
4294274158
4294277492
4294282071
4294284652
4294289946
4294294065
4294297109
4294301585
4294302032
4294307614
4294310473
4294313396
4294315927
4294318360
4294319257
4294321711
4294324009
4294324354
4294327179
4294330766
4294333924
4294334936
4294340872
4294342020
4294343643
4294347157
4294347944
4294348861
4294353452
4294356423
4294359950
4294366005
4294367326
4294369655
4294371700
4294374367
4294375738
4294376031
4294376251
4294378747
4294382918
4294386022
4294388339
4294391194
4294391988
4294393324
4294394690
4294396048
4294398141
4294399463
4294400414
4294401107
4294402431
4294404377
4294405525
4294406919
4294407898
4294409788
4294411386
4294413387
4294414459
4294418091
4294419171
4294422605
4294427143
4294428196
4294428977
4294431248
4294434656
4294437717
4294439991
4294441836
4294446903
4294448095
4294453835
4294454318
4294457084
4294457666
4294462179
4294464663
4294469366
4294470851
4294473085
4294473859
4294474228
4294476671
4294480466
4294481043
4294489518
4294489860
4294490498
4294492017
4294496863
4294497069
4294498821
4294500004
4294501030
4294502896
4294504341
4294505974
4294507582
4294508342
4294509874
4294511557
4294512171
4294512991
4294513757
4294515279
4294517960
4294519303
4294520328
4294521972
4294522660
4294522748
4294522894
4294525330
4294525729
4294526811
4294527898
4294528344
4294530602
4294531201
4294532857
4294533392
4294534379
4294535861
4294540069
4294540327
4294540734
4294542165
4294545801
4294546972
4294548089
4294549506
4294550806
4294551806
4294553589
4294553697
4294554859
4294556717
4294557193
4294557783
4294558633
4294559148
4294559908
4294562190
4294562991
4294563721
4294565145
4294565508
4294568199
4294568624
4294568800
4294570320
4294570854
4294571806
4294573081
4294573568
4294573789
4294575416
4294576513
4294577230
4294578076
4294578201
4294579382
4294579830
4294580476
4294580823
4294582601
4294583254
4294584630
4294584796
4294585709
4294587882
4294588187
4294589040
4294589810
4294590703
4294590916
4294592651
4294592724
4294593833
4294595098
4294595698
4294596586
4294597091
4294598021
4294598731
4294599116
4294599929
4294601280
4294602909
4294603378
4294603924
4294604836
4294605026
4294605720
4294606949
4294607567
4294608333
4294608722
4294609299
4294610849
4294611169
4294612218
4294612657
4294613501
4294616432
4294617098
4294619976
4294620350
4294620569
4294621265
4294621700
4294623130
4294623739
4294624555
4294626716
4294628261
4294628666
4294630289
4294631426
4294632469
4294635018
4294636326
4294636486
4294636653
4294637250
4294637663
4294638295
4294638657
4294638953
4294640083
4294642710
4294642838
4294643434
4294644787
4294646556
4294646953
4294647335
4294649096
4294649282
4294649932
4294650814
4294651819
4294652550
4294653158
4294653926
4294654092
4294654520
4294655109
4294655745
4294656294
4294656679
4294657674
4294657756
4294658396
4294658870
4294659759
4294660841
4294661938
4294662778
4294663620
4294664591
4294665577
4294666080
4294666493
4294666748
4294667097
4294667374
4294668516
4294669067
4294670516
4294671188
4294671681
4294672199
4294673242
4294673358
4294674619
4294674745
4294674863
4294675128
4294676797
4294677957
4294679248
4294680207
4294681050
4294681400
4294681966
4294682108
4294682256
4294683022
4294684375
4294684664
4294685080
4294686986
4294687476
4294687534
4294688003
4294688606
4294688872
4294689110
4294689141
4294689434
4294689772
4294824973
4294893598
4294928845
4294948872
4294961829
850
3820
5652
7003
8032
8903
9616
10277
10814
11221
11666
12191
12369
13100
13218
