4227815818
4227823251
4261380477
4272562207
4272563051
4272568938
4278155180
4278161245
4283749401
4283754302
4283754775
4285345263
4286548674
4287485692
4288232771
4288837526
4289345485
4289773845
4289777645
4290128307
4290466446
4290741442
4290751375
4290992077
4291206864
4291208468
4291209190
4291213821
4291215472
4291405155
4291410390
4291585953
4291737261
4291745552
4291750656
4291893697
4292011345
4292023392
4292028032
4292028822
4292145258
4292152417
4292251454
4292256694
4292258758
4292359906
4292370073
4292454967
4292459457
4292536014
4292545849
4292631663
4292633557
4292692936
4292707775
4292712548
4292774054
4292781246
4292782427
4292834704
4292841040
4292848858
4292903664
4292906891
4292912490
4292969607
4293024063
4293028309
4293085943
4293133940
4293180797
4293209910
4293220359
4293258320
4293271433
4293308911
4293345966
4293349647
4293377535
4293411316
4293421179
4293423194
4293454501
4293487178
4293515177
4293524853
4293548642
4293579821
4293603095
4293606177
4293607011
4293628722
4293631874
4293633547
4293648627
4293651054
4293676902
4293691549
4293705280
4293725454
4293727984
4293730144
4293748434
4293750641
4293751725
4293767771
4293780234
4293812875
4293830798
4293842649
4293851087
4293859903
4293877793
4293878484
4293884131
4293901048
4293920272
4293931864
4293938482
4293939697
4293948931
4293958416
4293959616
4293972557
4293979110
4293989686
4293997488
4294000708
4294004943
4294005633
4294006838
4294017867
4294025679
4294031271
4294032854
4294033828
4294041784
4294043416
4294044245
4294046496
4294059832
4294064150
4294067253
4294073395
4294083935
4294088901
4294091033
4294108544
4294115538
4294118693
4294122098
4294125235
4294134975
4294142732
4294151660
4294158687
4294161853
4294164384
4294169020
4294170567
4294175928
4294181060
4294182718
4294184098
4294189705
4294190809
4294197001
4294200644
4294206378
4294211938
4294213637
4294215481
4294218286
4294224636
4294228040
4294229684
4294231505
4294234517
4294240005
4294249073
4294263441
4294267745
4294273742
4294275688
4294286146
4294287555
4294292895
4294296001
4294299178
4294301353
4294307407
4294316822
4294321488
4294325870
4294329357
4294332878
4294334780
4294336232
4294338968
4294342625
4294343340
4294345174
4294354191
4294354968
4294356023
4294358181
4294363282
4294364326
4294364947
4294365367
4294366445
4294367361
4294370896
4294371873
4294373425
4294374558
4294376991
4294377737
4294379816
4294384776
4294385794
4294391955
4294392935
4294393560
4294394540
4294398472
4294400312
4294407726
4294410536
4294411250
4294412689
4294413172
4294415869
4294417461
4294418244
4294419331
4294419512
4294421798
4294423090
4294426211
4294428492
4294429081
4294429671
4294431844
4294434782
4294435040
4294435333
4294439539
4294441100
4294441593
4294443382
4294444299
4294445193
4294448805
4294450795
4294452468
4294453547
4294454643
4294455746
4294456798
4294460338
4294460921
4294462428
4294464756
4294466529
4294466641
4294467759
4294467987
4294468489
4294470472
4294472921
4294475368
4294476230
4294478343
4294480413
4294480682
4294481036
4294484265
4294485242
4294487868
4294489330
4294490926
4294493853
4294495274
4294495878
4294497585
4294498665
4294499818
4294501674
4294502527
4294503087
4294505194
4294505882
4294506613
4294507262
4294508398
4294508941
4294509386
4294510464
4294511863
4294513860
4294517258
4294518383
4294519644
4294520975
4294521420
4294523162
4294525659
4294527428
4294528539
4294529497
4294530443
4294532633
4294533427
4294534441
4294535440
4294536617
4294539737
4294541157
4294542801
4294544851
4294545751
4294546996
4294548681
4294550179
4294551000
4294552080
4294552444
4294552882
4294553271
4294553598
4294553997
4294554954
4294556159
4294556876
4294559657
4294559743
4294560752
4294561178
4294561553
4294562322
4294562941
4294564308
4294564862
4294565025
4294565896
4294566592
4294567611
4294570311
4294572459
4294573265
4294573911
4294575901
4294576569
4294576889
4294579058
4294580683
4294581164
4294582630
4294583795
4294585202
4294585914
4294587048
4294588458
4294588980
4294589285
4294590998
4294591632
4294592742
4294592903
4294595423
4294596871
4294597602
4294598417
4294598563
4294599547
4294600332
4294601583
4294602689
4294603049
4294603365
4294604709
4294605382
4294606823
4294606915
4294607358
4294608560
4294609929
4294610031
4294610229
4294610330
4294610994
4294612403
4294612843
4294613468
4294614257
4294614500
4294614714
4294615087
4294615495
4294615604
4294617068
4294618365
4294618892
4294619767
4294620472
4294620759
4294620828
4294621409
4294622043
4294622544
4294623412
4294623666
4294624460
4294625102
4294625530
4294627177
4294627535
4294628481
4294628947
4294629737
4294630498
4294631007
4294632951
4294634461
4294634968
4294635333
4294637084
4294637695
4294638513
4294639432
4294639934
4294640764
4294641086
4294641522
4294642307
4294643091
4294643228
4294643665
4294643936
4294644633
4294644992
4294647639
4294647999
4294648486
4294648788
4294649002
4294649954
4294650306
4294650503
4294651581
4294652074
4294652776
4294653039
4294653507
4294653944
4294654330
4294654972
4294655469
4294656014
4294656749
4294657522
4294658823
4294659516
4294659946
4294661074
4294662009
4294662893
4294663086
4294663378
4294663501
4294663682
4294664776
4294665474
4294665676
4294666090
4294666114
4294666618
4294667204
4294667540
4294668185
4294668871
4294669153
4294669490
4294669788
4294670304
4294670785
4294670991
4294672245
4294673425
4294673748
4294673925
4294674168
4294674425
4294674807
4294674946
4294675744
4294676046
4294676310
4294676750
4294676932
4294677333
4294678149
4294678809
4294679159
4294679695
4294680036
4294680470
4294681833
4294681901
4294682522
4294683466
4294683488
4294821670
4294891251
4294928653
4294948921
4294961697
821
3792
5653
6987
8059
8893
9548
10278
10874
11332
11813
11961
12222
12895
13002
