4227821029
4261362155
4261373627
4261377928
4261378230
4261380292
4261383681
4272560780
4272568231
4278164342
4281512815
4281513802
4281516107
4283747819
4283752526
4283760048
4285349393
4286549537
4286554996
4287486176
4288227126
4288228373
4288233477
4288835740
4289346431
4289764532
4289775482
4290149923
4290152459
4290462933
4290464166
4290468506
4290737861
4290744816
4290749376
4290755157
4290990778
4290992599
4291209246
4291404511
4291415780
4291590482
4291592650
4291742419
4291748738
4291750264
4291882722
4291896509
4292022609
4292146041
4292248555
4292256371
4292261798
4292357924
4292363787
4292366365
4292460555
4292546738
4292552211
4292632180
4292706584
4292710104
4292774855
4292781088
4292836722
4292851902
4292904366
4292961598
4292969813
4292974004
4293066028
4293079432
4293080452
4293128751
4293174849
4293209767
4293222850
4293224877
4293260408
4293271357
4293335572
4293339138
4293385347
4293386195
4293448986
4293454210
4293486047
4293488347
4293515537
4293519915
4293525299
4293546547
4293573595
4293577201
4293580452
4293585528
4293601706
4293604967
4293623534
4293629084
4293654992
4293660367
4293675990
4293680706
4293698410
4293704609
4293705692
4293710262
4293731985
4293766010
4293768572
4293770073
4293783227
4293788041
4293791524
4293812461
4293822971
4293840392
4293849954
4293863311
4293866072
4293881931
4293888086
4293899210
4293900465
4293902487
4293913148
4293916181
4293918598
4293926684
4293940090
4293942886
4293950974
4293960619
4293973889
4293976366
4293997500
4293999896
4294003837
4294015208
4294020646
4294025301
4294038333
4294045903
4294056713
4294060890
4294069259
4294074296
4294077977
4294088056
4294095702
4294096300
4294102667
4294106668
4294108883
4294112794
4294120774
4294122324
4294132145
4294134825
4294139071
4294141585
4294145628
4294150549
4294153471
4294163045
4294169081
4294171344
4294173436
4294179917
4294181772
4294183448
4294186146
4294189615
4294197175
4294199885
4294202119
4294202925
4294208435
4294210428
4294212869
4294221124
4294224913
4294226606
4294230407
4294237756
4294245169
4294248249
4294251621
4294257305
4294260660
4294262043
4294264086
4294265988
4294272758
4294276714
4294278388
4294283958
4294288820
4294293116
4294295174
4294296292
4294305126
4294306571
4294311546
4294313555
4294319215
4294321472
4294324545
4294326931
4294328563
4294333390
4294336739
4294338827
4294346725
4294349147
4294351399
4294352801
4294353800
4294354540
4294358374
4294359876
4294360859
4294361982
4294362317
4294362725
4294364709
4294366531
4294369978
4294370668
4294373568
4294377911
4294379577
4294381355
4294386257
4294387401
4294388363
4294389517
4294393668
4294395911
4294399683
4294403504
4294405760
4294406417
4294408512
4294410127
4294411671
4294416656
4294417659
4294417871
4294420692
4294422024
4294425027
4294425511
4294426055
4294427256
4294429715
4294431564
4294434968
4294437940
4294441225
4294442350
4294445678
4294446295
4294448203
4294449771
4294451578
4294454957
4294457701
4294459282
4294462236
4294463845
4294464507
4294465813
4294467347
4294468438
4294470844
4294473644
4294474023
4294474360
4294474775
4294475122
4294475317
4294478709
4294480638
4294484319
4294484847
4294485929
4294487794
4294489235
4294490768
4294491717
4294491999
4294498964
4294499844
4294500181
4294500615
4294502455
4294506456
4294507041
4294507251
4294508838
4294509506
4294510281
4294511111
4294512509
4294515395
4294518362
4294521171
4294522626
4294524269
4294524454
4294525696
4294527162
4294527587
4294530186
4294533093
4294534370
4294535754
4294536821
4294537651
4294539827
4294541468
4294541622
4294541965
4294543085
4294545869
4294546304
4294546941
4294548736
4294549562
4294553079
4294553844
4294554010
4294554899
4294554915
4294556901
4294557270
4294560124
4294560976
4294561750
4294562666
4294564374
4294567182
4294567989
4294568332
4294570361
4294571264
4294571831
4294572628
4294573545
4294575714
4294576648
4294577209
4294580009
4294580725
4294582162
4294583067
4294583615
4294584844
4294585875
4294586913
4294586950
4294587280
4294588176
4294588367
4294589060
4294590187
4294590663
4294591053
4294592792
4294593079
4294593704
4294594616
4294596739
4294598672
4294600896
4294601604
4294602050
4294603873
4294604019
4294604389
4294606119
4294608279
4294608951
4294609048
4294610791
4294610994
4294611149
4294612141
4294612615
4294613122
4294613353
4294614014
4294614288
4294615906
4294616909
4294618441
4294619657
4294619850
4294620367
4294622488
4294622799
4294623827
4294624332
4294625284
4294626063
4294626721
4294627342
4294628885
4294629129
4294629429
4294630008
4294630350
4294632092
4294632676
4294632833
4294633390
4294633689
4294634295
4294635556
4294637598
4294638155
4294638950
4294639590
4294641988
4294642712
4294643804
4294643934
4294644273
4294645098
4294645424
4294645734
4294646501
4294646705
4294647437
4294647582
4294648111
4294648289
4294649100
4294651079
4294653032
4294653828
4294654258
4294654348
4294655135
4294655435
4294656155
4294656551
4294656742
4294656937
4294657956
4294658990
4294659327
4294659714
4294659823
4294660304
4294660488
4294661845
4294662364
4294662667
4294662798
4294663162
4294663279
4294663488
4294663935
4294664682
4294665387
4294666413
4294666881
4294667110
4294667384
4294667510
4294669056
4294669485
4294670526
4294670905
4294671262
4294671601
4294672783
4294673568
4294674388
4294675023
4294675552
4294676446
4294676744
4294677079
4294678370
4294679229
4294679770
4294680267
4294680506
4294680581
4294681084
4294683137
4294683189
4294683873
4294684296
4294684506
4294685780
4294686343
4294686610
4294687034
4294688488
4294689095
4294689254
4294689598
4294689926
4294690938
4294691464
4294691901
4294692050
4294692538
4294820630
4294891074
4294928872
4294948944
4294961718
846
3782
5671
7014
8035
8854
9620
10231
10735
11320
11753
12146
12324
12455
12615
