4227817521
4227825812
4261383670
4272562579
4272567301
4272568105
4278141769
4278157476
4278160646
4281507174
4281516771
4281518137
4283756834
4285349570
4285350243
4285354512
4286550183
4286551137
4286552695
4287486128
4288227290
4288230386
4288835223
4288837373
4289343281
4289347287
4289772499
4289776935
4289779836
4289783853
4290151614
4290468764
4290741366
4290745989
4290750394
4290991257
4291210710
4291217343
4291407903
4291411022
4291414254
4291585527
4291590216
4291745601
4291874638
4291892060
4291898153
4292019312
4292029644
4292149869
4292264750
4292363849
4292364155
4292463471
4292542846
4292546473
4292549078
4292550523
4292551499
4292635836
4292694106
4292705215
4292709784
4292769483
4292775916
4292840303
4292847733
4292851744
4292852746
4292908088
4292913291
4292959569
4292975861
4293066835
4293083143
4293119422
4293129567
4293136056
4293137189
4293178171
4293217782
4293220038
4293265681
4293273667
4293331330
4293345396
4293383347
4293386099
4293390198
4293455460
4293461066
4293486888
4293490127
4293514409
4293518274
4293519874
4293521233
4293542605
4293550653
4293552032
4293566147
4293573214
4293578510
4293615267
4293629068
4293633055
4293654204
4293663327
4293676684
4293679666
4293683430
4293702555
4293706671
4293725794
4293728709
4293742420
4293751423
4293760943
4293765678
4293767998
4293770644
4293786038
4293792308
4293802197
4293810032
4293826732
4293829144
4293832830
4293848111
4293866517
4293871880
4293880641
4293897936
4293913862
4293916958
4293920453
4293932981
4293936164
4293944573
4293947154
4293951260
4293960698
4293966661
4293968094
4293972664
4293977647
4293984391
4293991749
4293997642
4293998848
4294003421
4294007648
4294014762
4294015643
4294020974
4294032908
4294034344
4294044618
4294046167
4294053798
4294055158
4294067305
4294070362
4294071029
4294083181
4294086229
4294086923
4294092667
4294102884
4294106654
4294111193
4294114661
4294119630
4294121698
4294124280
4294130269
4294138363
4294140260
4294142191
4294143510
4294150357
4294157716
4294158642
4294167208
4294172311
4294174968
4294180696
4294185869
4294188429
4294191942
4294199394
4294205086
4294207544
4294209872
4294210978
4294213593
4294218496
4294222177
4294226040
4294226465
4294230593
4294239926
4294242878
4294252472
4294259184
4294262601
4294264365
4294269828
4294274254
4294274479
4294275722
4294276674
4294279281
4294284324
4294286135
4294287180
4294288548
4294292926
4294296048
4294298034
4294301249
4294306016
4294306465
4294309236
4294313731
4294315607
4294317604
4294320413
4294321704
4294325452
4294326824
4294333145
4294337687
4294341896
4294344034
4294346497
4294346840
4294352179
4294353748
4294360355
4294365813
4294368096
4294370350
4294375187
4294376071
4294376738
4294387261
4294388374
4294392378
4294393219
4294396464
4294398103
4294402232
4294404000
4294407241
4294408414
4294410383
4294412191
4294414396
4294415665
4294417059
4294418886
4294419541
4294419716
4294420895
4294421794
4294424187
4294425860
4294428961
4294430623
4294433842
4294438235
4294439217
4294439848
4294443316
4294444338
4294444953
4294447396
4294448804
4294449109
4294450002
4294453817
4294455853
4294461271
4294461489
4294463122
4294465376
4294467171
4294470305
4294471144
4294471559
4294473393
4294474921
4294476555
4294479179
4294479407
4294479622
4294480862
4294483003
4294485015
4294486222
4294488124
4294488741
4294489301
4294489753
4294492490
4294494442
4294496654
4294498841
4294499781
4294503137
4294503866
4294506040
4294507440
4294509463
4294511616
4294512158
4294515627
4294515767
4294517855
4294518469
4294519146
4294519780
4294520478
4294521828
4294522642
4294523755
4294524069
4294525043
4294525343
4294525916
4294526854
4294527501
4294528654
4294529681
4294530019
4294530712
4294531633
4294532579
4294534784
4294537031
4294537086
4294537392
4294538777
4294538991
4294539987
4294540457
4294541141
4294542213
4294544048
4294545227
4294546573
4294546919
4294549080
4294551238
4294552359
4294553018
4294553464
4294556560
4294558470
4294559644
4294560572
4294564712
4294565418
4294566173
4294567472
4294569135
4294569634
4294570741
4294571977
4294572561
4294572997
4294574281
4294574585
4294576925
4294577519
4294579648
4294580555
4294580977
4294582058
4294582437
4294582922
4294584330
4294585728
4294586662
4294586952
4294587474
4294587731
4294588812
4294588973
4294590311
4294590701
4294592052
4294592552
4294594598
4294595145
4294596005
4294596418
4294597351
4294597786
4294598664
4294599081
4294599627
4294601063
4294601535
4294602167
4294603266
4294604392
4294604722
4294606304
4294608675
4294608963
4294609108
4294609726
4294610779
4294611144
4294612105
4294613329
4294613602
4294614274
4294615002
4294616032
4294616292
4294617876
4294618450
4294619319
4294620902
4294622351
4294623312
4294623814
4294624402
4294624572
4294625701
4294627186
4294628382
4294628888
4294629032
4294629306
4294629776
4294630264
4294632617
4294634693
4294635476
4294635752
4294636661
4294637458
4294638437
4294639962
4294640235
4294641255
4294641481
4294642032
4294643255
4294643603
4294644078
4294645062
4294645944
4294647013
4294647090
4294648469
4294648925
4294649788
4294651026
4294651259
4294652226
4294652905
4294653914
4294655284
4294655373
4294655572
4294656073
4294656417
4294656616
4294658506
4294658559
4294658850
4294659488
4294660561
4294660913
4294661113
4294661202
4294661686
4294662680
4294663132
4294664175
4294664872
4294665212
4294665428
4294666002
4294666368
4294667879
4294668445
4294668838
4294669010
4294669439
4294669750
4294670422
4294670841
4294671098
4294672508
4294672873
4294673822
4294675001
4294675542
4294676158
4294676938
4294678030
4294678625
4294679451
4294679893
4294680181
4294680687
4294681376
4294821643
4294892744
4294929291
4294949039
4294961659
779
3757
5632
6987
8033
8856
9629
10257
10880
11444
11823
12142
12421
12568
12925
