4227815711
4227820106
4227820865
4261374732
4261377472
4261382715
4272566057
4272570565
4278154639
4278156986
4281513497
4281516294
4283747695
4283752077
4283752941
4285343986
4285352553
4286544579
4286555999
4288222460
4288231149
4288827210
4288838565
4288842173
4288844924
4289343751
4289346480
4289348155
4289352424
4289776538
4290134623
4290141977
4290148118
4290151639
4290154515
4290468743
4290740561
4290747994
4290749736
4290752870
4290993925
4290997682
4291203673
4291206033
4291213879
4291409259
4291412289
4291414674
4291417529
4291585466
4291592663
4291885123
4291890079
4291894297
4292014369
4292023453
4292142956
4292146203
4292149132
4292252118
4292356697
4292363952
4292454620
4292544096
4292631718
4292702770
4292777094
4292780567
4292784736
4292835253
4292909527
4292967735
4292971308
4292978013
4293027028
4293077561
4293123911
4293135883
4293177393
4293212433
4293227734
4293268450
4293307595
4293313305
4293346792
4293352688
4293374613
4293418415
4293420990
4293449427
4293452279
4293457913
4293459781
4293475241
4293486541
4293517904
4293542891
4293550986
4293567865
4293580572
4293602002
4293604016
4293610233
4293633297
4293636527
4293647132
4293654788
4293656800
4293658204
4293676877
4293682051
4293682864
4293694646
4293702855
4293706121
4293710290
4293730853
4293750291
4293772239
4293787311
4293792949
4293803388
4293807220
4293811339
4293828340
4293839842
4293848251
4293855347
4293869274
4293898737
4293899909
4293902961
4293906115
4293916539
4293943228
4293949439
4293957507
4293960969
4293963462
4293979902
4293980107
4293984490
4293990334
4293991136
4293992942
4293993374
4294001253
4294004648
4294005957
4294014570
4294022561
4294024526
4294036217
4294042719
4294043687
4294050795
4294066079
4294067846
4294074335
4294076455
4294077391
4294083600
4294087048
4294091829
4294094689
4294120229
4294128307
4294137980
4294141966
4294144394
4294149188
4294150052
4294152044
4294155349
4294159950
4294165217
4294169040
4294172535
4294178875
4294184618
4294186129
4294192751
4294198358
4294199917
4294200692
4294207248
4294210373
4294216134
4294217358
4294220147
4294223107
4294226317
4294228349
4294231802
4294232412
4294235106
4294240928
4294244832
4294250969
4294254050
4294257174
4294259153
4294264699
4294266704
4294268466
4294271670
4294273383
4294276117
4294281609
4294284162
4294285568
4294291638
4294292683
4294294884
4294298137
4294301300
4294307301
4294308592
4294311048
4294311584
4294313512
4294315998
4294317451
4294320636
4294325682
4294327490
4294331870
4294333737
4294335970
4294347634
4294347954
4294349168
4294354407
4294358675
4294360441
4294361629
4294362740
4294366337
4294369340
4294370412
4294372652
4294376413
4294377668
4294385816
4294387908
4294391421
4294395631
4294399100
4294399255
4294401975
4294404916
4294406656
4294408709
4294411295
4294412788
4294414876
4294417901
4294420159
4294421545
4294422284
4294426993
4294429536
4294430690
4294433441
4294436314
4294440639
4294441436
4294442399
4294443053
4294445880
4294447718
4294450342
4294454156
4294454546
4294456897
4294459954
4294462716
4294464663
4294465627
4294467330
4294468955
4294471940
4294472714
4294476396
4294480308
4294480860
4294484184
4294485770
4294487179
4294487742
4294488460
4294490375
4294493075
4294493657
4294495607
4294497015
4294498770
4294499830
4294500950
4294501915
4294502044
4294504118
4294505912
4294507342
4294508001
4294509178
4294509804
4294510385
4294511541
4294512111
4294512564
4294513071
4294514138
4294514950
4294516065
4294517274
4294520026
4294521757
4294523792
4294524688
4294528484
4294531392
4294533277
4294533848
4294534752
4294535488
4294537287
4294540107
4294540504
4294543408
4294544284
4294545435
4294548000
4294550374
4294551171
4294551842
4294554042
4294556633
4294557305
4294558328
4294560405
4294560704
4294564423
4294565848
4294567089
4294567957
4294568307
4294570630
4294574135
4294577689
4294577996
4294579817
4294580206
4294580596
4294581267
4294584781
4294585263
4294586280
4294586806
4294587619
4294588741
4294589175
4294590696
4294591556
4294591946
4294592471
4294593297
4294593964
4294594365
4294594835
4294595441
4294596293
4294596638
4294598614
4294599583
4294599923
4294601941
4294602240
4294602816
4294603906
4294605286
4294606445
4294606832
4294607559
4294608190
4294609644
4294609968
4294610367
4294610647
4294611402
4294612511
4294612689
4294614253
4294615057
4294615223
4294616534
4294616753
4294617806
4294618056
4294618178
4294619033
4294619477
4294619781
4294621995
4294622175
4294622618
4294622872
4294623069
4294623572
4294624427
4294625469
4294626038
4294626524
4294627118
4294628391
4294629131
4294629454
4294630054
4294631122
4294631753
4294631878
4294632125
4294632879
4294633966
4294634807
4294635325
4294635723
4294636979
4294637051
4294637542
4294639170
4294641147
4294642948
4294643117
4294643382
4294643754
4294646246
4294648516
4294649194
4294649932
4294650223
4294650507
4294650969
4294651817
4294653595
4294655766
4294656116
4294657303
4294659772
4294660717
4294661352
4294661913
4294662013
4294662815
4294663743
4294664463
4294665317
4294666414
4294666972
4294667185
4294667569
4294667839
4294668140
4294668924
4294669213
4294669999
4294670362
4294670927
4294672007
4294672832
4294672842
4294673688
4294673902
4294674338
4294674539
4294674752
4294675220
4294676211
4294676357
4294676932
4294677209
4294678143
4294679509
4294680495
4294680918
4294682246
4294682414
4294682617
4294683180
4294683582
4294683900
4294684391
4294685012
4294686180
4294686858
4294687228
4294687546
4294687619
4294688130
4294688793
4294690233
4294691013
4294691527
4294691841
4294692164
4294693034
4294694123
4294694266
4294694558
4294694894
4294695110
4294696625
4294696695
4294824712
4294892830
4294928919
4294949196
4294961751
820
3752
5640
6941
7921
8762
9448
10148
10789
11334
11946
12155
12442
12656
12776
