4227816162
4227821572
4227825652
4261375474
4272562734
4272565290
4272570737
4278158815
4281518384
4283750567
4285346614
4286547542
4286548362
4287473047
4287480653
4287484719
4287485467
4288227651
4288832800
4288834944
4288837347
4288842547
4289346130
4289353303
4290145312
4290458971
4290463986
4290469258
4290750575
4290995431
4291208825
4291219303
4291412131
4291744161
4291751249
4291892807
4291894316
4291894697
4292012498
4292149475
4292256020
4292261181
4292359037
4292362231
4292440021
4292458243
4292542268
4292543717
4292545841
4292549517
4292628040
4292634463
4292706513
4292769474
4292775890
4292782236
4292840983
4292844096
4292850954
4292907066
4292971647
4292975362
4293027748
4293082786
4293125348
4293134090
4293183180
4293219867
4293223883
4293224991
4293227618
4293265846
4293272579
4293301465
4293303995
4293306545
4293346106
4293388674
4293390271
4293417985
4293421157
4293453924
4293456252
4293458336
4293479917
4293484665
4293487095
4293512390
4293517423
4293518726
4293535789
4293544620
4293547679
4293573540
4293578659
4293597958
4293605299
4293606419
4293621233
4293627410
4293658735
4293670696
4293681395
4293682913
4293700453
4293702309
4293708752
4293709060
4293724916
4293747593
4293764085
4293767548
4293772777
4293784729
4293791690
4293803394
4293805176
4293812964
4293814741
4293822382
4293841692
4293846494
4293849287
4293850777
4293852603
4293881186
4293882934
4293892245
4293899330
4293910694
4293913226
4293930249
4293938445
4293947921
4293963966
4293969969
4293976440
4293980811
4293995517
4294000788
4294009800
4294016719
4294022546
4294031045
4294033097
4294044686
4294048966
4294057339
4294059399
4294063481
4294069505
4294073767
4294076417
4294087643
4294093500
4294100867
4294103019
4294115479
4294123071
4294125306
4294130278
4294136057
4294136641
4294149950
4294152598
4294155640
4294166472
4294166925
4294171638
4294174508
4294176841
4294186197
4294191231
4294196603
4294203075
4294208494
4294214226
4294219171
4294222481
4294225368
4294233786
4294234995
4294237852
4294246130
4294247672
4294249496
4294258038
4294259073
4294261010
4294261692
4294267823
4294272192
4294274681
4294275293
4294278198
4294279097
4294281704
4294282053
4294283742
4294289043
4294297446
4294299321
4294299379
4294302219
4294308991
4294311146
4294312017
4294314245
4294317961
4294318378
4294320173
4294322434
4294329321
4294329847
4294331247
4294333289
4294334264
4294334902
4294339325
4294339828
4294343592
4294344254
4294347818
4294348550
4294352728
4294357669
4294358378
4294361144
4294362424
4294362812
4294364752
4294365808
4294367931
4294370447
4294371151
4294373169
4294375551
4294377235
4294378167
4294378659
4294385366
4294385716
4294386547
4294391607
4294392939
4294394642
4294398923
4294401782
4294403304
4294405382
4294405769
4294407941
4294408929
4294409638
4294412948
4294414852
4294415683
4294419538
4294420347
4294422564
4294426561
4294429170
4294429329
4294430183
4294433014
4294437549
4294439879
4294440715
4294441131
4294443741
4294445862
4294447584
4294447736
4294449559
4294449736
4294450555
4294453360
4294455167
4294455797
4294459800
4294461029
4294461504
4294462867
4294463726
4294466104
4294467001
4294468824
4294471123
4294473308
4294474475
4294475594
4294476312
4294477072
4294477766
4294478184
4294479207
4294479493
4294479854
4294481199
4294481979
4294483708
4294484419
4294488531
4294489183
4294490859
4294492373
4294492728
4294493376
4294495027
4294498349
4294499173
4294500513
4294501260
4294504238
4294505893
4294506646
4294507590
4294508777
4294512779
4294513672
4294514235
4294514891
4294515627
4294515861
4294516298
4294521107
4294522478
4294524483
4294526349
4294528895
4294530264
4294531894
4294532752
4294534594
4294535092
4294536095
4294538957
4294540015
4294540961
4294541298
4294543228
4294543909
4294545679
4294546856
4294548417
4294548614
4294549711
4294550188
4294550703
4294551182
4294553314
4294556371
4294556861
4294557166
4294557989
4294558215
4294558848
4294560944
4294561745
4294563798
4294564403
4294564783
4294565215
4294566142
4294567320
4294568038
4294568612
4294568882
4294569886
4294572717
4294575933
4294576446
4294577220
4294579275
4294580458
4294582677
4294583362
4294585312
4294585698
4294587290
4294587631
4294589302
4294589390
4294589494
4294590817
4294590915
4294591890
4294592170
4294594374
4294595312
4294596458
4294597199
4294597827
4294599183
4294600176
4294600414
4294600881
4294601572
4294602325
4294603113
4294603365
4294603779
4294605066
4294605517
4294605860
4294606858
4294607848
4294608539
4294609290
4294609521
4294610616
4294611098
4294611568
4294611748
4294612237
4294613417
4294613828
4294615047
4294616849
4294617350
4294619769
4294621022
4294621951
4294622454
4294622639
4294623277
4294623700
4294624140
4294625483
4294626357
4294626451
4294627813
4294628810
4294628977
4294629114
4294629960
4294630372
4294632156
4294632798
4294633295
4294634409
4294634579
4294634997
4294635297
4294636045
4294636154
4294637312
4294637807
4294638416
4294639113
4294639525
4294639750
4294641070
4294641755
4294642169
4294642399
4294642795
4294643028
4294644242
4294644937
4294645434
4294646726
4294647023
4294647404
4294647666
4294648375
4294648850
4294649620
4294650540
4294651480
4294653125
4294653764
4294654472
4294655575
4294656096
4294657103
4294658925
4294659357
4294659983
4294661370
4294661857
4294663674
4294664905
4294665769
4294666354
4294666925
4294667656
4294668073
4294668725
4294668965
4294669243
4294669981
4294671182
4294671607
4294671739
4294671934
4294672278
4294672837
4294673326
4294673581
4294673960
4294674798
4294675033
4294675234
4294675939
4294675967
4294676206
4294676574
4294676987
4294677147
4294677330
4294677579
4294678099
4294823234
4294893179
4294928806
4294948942
4294961785
826
3816
5657
6985
8021
8911
9653
10276
10678
11020
11407
11695
11983
12770
13381
