4227820900
4227826407
4261375953
4261381849
4261385285
4272562365
4272565224
4272568347
4278160092
4278163267
4281518599
4283751949
4283755551
4283756171
4285351003
4286550202
4286551622
4287481363
4288231112
4288233624
4288829700
4288839081
4288846096
4289351143
4290147512
4290150646
4290453982
4290464041
4290749248
4290996726
4291001181
4291216910
4291220985
4291406317
4291409033
4291590485
4291743744
4291746697
4291754019
4292021484
4292029704
4292150896
4292256068
4292263458
4292354298
4292357563
4292362115
4292459976
4292542848
4292545440
4292555506
4292623372
4292628640
4292632073
4292710997
4292764622
4292774297
4292779681
4292838654
4292849710
4292908664
4292913543
4292967623
4292971022
4292973964
4293032279
4293078911
4293130774
4293177530
4293180271
4293180881
4293183490
4293221986
4293228135
4293266804
4293311426
4293344671
4293349705
4293379618
4293387768
4293391898
4293426681
4293486833
4293517059
4293517521
4293522656
4293547588
4293550652
4293573025
4293603827
4293635608
4293669836
4293680187
4293686901
4293718053
4293722173
4293729013
4293739849
4293750200
4293768566
4293785898
4293808513
4293812189
4293819961
4293829150
4293845817
4293858000
4293866578
4293870903
4293878550
4293885564
4293889379
4293901332
4293915753
4293931683
4293945654
4293948750
4293962477
4293973239
4293975184
4293978960
4293981438
4293999985
4294003497
4294005846
4294011140
4294016416
4294017995
4294023009
4294028926
4294033590
4294036530
4294041948
4294049367
4294063536
4294064587
4294066343
4294067282
4294073899
4294076900
4294084051
4294100018
4294103955
4294111013
4294111942
4294114291
4294118335
4294125125
4294136699
4294138169
4294143327
4294149007
4294154510
4294158563
4294163214
4294163949
4294171325
4294171917
4294178073
4294179543
4294182893
4294183822
4294186872
4294190585
4294193729
4294196569
4294201485
4294203901
4294207325
4294210592
4294213448
4294215417
4294218784
4294224788
4294228441
4294233104
4294234202
4294240511
4294243848
4294246332
4294246972
4294247817
4294251465
4294252282
4294257402
4294260230
4294264526
4294268946
4294272576
4294277891
4294282240
4294283967
4294286666
4294291659
4294292796
4294295461
4294300178
4294300899
4294304061
4294307162
4294308362
4294309664
4294321414
4294322732
4294325941
4294326972
4294332279
4294333465
4294337185
4294338612
4294339892
4294341826
4294343648
4294349690
4294355856
4294360270
4294365363
4294367238
4294368778
4294372893
4294376995
4294382123
4294385024
4294391288
4294392922
4294394077
4294395467
4294398982
4294402335
4294403726
4294405823
4294407404
4294407484
4294411764
4294414978
4294415715
4294418789
4294423781
4294425517
4294426886
4294427616
4294433037
4294433955
4294434395
4294435575
4294438362
4294438767
4294439327
4294441129
4294442097
4294444508
4294445770
4294448638
4294449392
4294453711
4294454831
4294455570
4294457486
4294459129
4294460380
4294461195
4294461238
4294464876
4294466027
4294470959
4294472554
4294473795
4294475709
4294476204
4294477714
4294477761
4294479316
4294481692
4294483625
4294486064
4294486948
4294487617
4294488655
4294490994
4294494189
4294495275
4294496311
4294497359
4294497831
4294499605
4294505029
4294505820
4294509186
4294510009
4294510724
4294511228
4294513281
4294514461
4294516717
4294519171
4294521887
4294523112
4294525223
4294525933
4294526096
4294529281
4294529734
4294530766
4294533558
4294535815
4294538010
4294540137
4294540509
4294543040
4294543418
4294543829
4294545622
4294545838
4294546065
4294546643
4294547131
4294548573
4294550607
4294550887
4294551956
4294552359
4294553284
4294554942
4294556315
4294557105
4294557839
4294558118
4294559589
4294561047
4294562060
4294562631
4294563509
4294564151
4294564767
4294565796
4294566495
4294566589
4294566639
4294567979
4294568158
4294569743
4294570258
4294570833
4294572657
4294574663
4294575966
4294576578
4294577443
4294577914
4294578782
4294579385
4294580521
4294581402
4294584674
4294585599
4294586561
4294587183
4294587870
4294589021
4294589246
4294591815
4294592783
4294593760
4294594553
4294595717
4294596786
4294597883
4294599512
4294600603
4294601296
4294601394
4294602165
4294603052
4294604135
4294605056
4294605786
4294606485
4294607459
4294608065
4294609407
4294610214
4294611084
4294611775
4294612053
4294612860
4294613755
4294614104
4294615163
4294615924
4294616054
4294616130
4294616511
4294617529
4294618474
4294619181
4294619460
4294619615
4294620151
4294620720
4294622110
4294623017
4294623437
4294626397
4294626831
4294627220
4294628050
4294629779
4294629952
4294631288
4294631826
4294632485
4294633693
4294633867
4294636191
4294636781
4294636974
4294637545
4294638399
4294639544
4294640234
4294641131
4294641377
4294642920
4294644032
4294645201
4294645383
4294645981
4294648075
4294648160
4294649463
4294649864
4294650337
4294650735
4294651215
4294651424
4294651584
4294653176
4294653713
4294654103
4294654235
4294654734
4294655226
4294656335
4294657031
4294657899
4294658183
4294658900
4294659210
4294659834
4294660157
4294660215
4294661581
4294662389
4294662763
4294663357
4294663886
4294664680
4294665165
4294665699
4294666315
4294666753
4294667019
4294667525
4294668053
4294669217
4294669766
4294670723
4294670930
4294671418
4294672222
4294672742
4294672892
4294673381
4294673416
4294673868
4294674452
4294674655
4294675322
4294675577
4294676114
4294676598
4294676941
4294677157
4294679497
4294680448
4294680557
4294681512
4294681801
4294682464
4294682868
4294682912
4294683270
4294684110
4294684550
4294684715
4294685484
4294686252
4294687341
4294688316
4294688735
4294689244
4294690024
4294690430
4294690851
4294691160
4294691292
4294691784
4294692508
4294693346
4294694123
4294694784
4294695472
4294695755
4294823449
4294892196
4294928814
4294948997
4294961684
819
3751
5618
6984
8007
8888
9595
10225
10831
11345
11978
12447
12616
12764
13366
