4227815396
4227821823
4261378758
4272567285
4272569080
4278151614
4278157792
4281514422
4281516251
4281518247
4283747223
4283750812
4283759112
4285346715
4285354301
4286545462
4286556044
4288220945
4288226637
4288230137
4288832853
4288842632
4289348630
4289780140
4290144218
4290144977
4290150112
4290745185
4290747523
4290751881
4290985651
4290993902
4290996109
4291208910
4291215595
4291219773
4291577705
4291582322
4291737240
4291743982
4291750680
4291753706
4291892257
4291893163
4291898315
4292027024
4292147333
4292151757
4292256865
4292261580
4292350874
4292363681
4292366863
4292457248
4292462123
4292534723
4292547964
4292627937
4292631853
4292697812
4292709965
4292775883
4292779212
4292782539
4292845485
4292911477
4292963790
4292970047
4292975532
4293022073
4293032430
4293076693
4293082166
4293082698
4293083884
4293117000
4293137155
4293175400
4293176005
4293183722
4293218349
4293224809
4293275091
4293312819
4293313164
4293350750
4293384102
4293390537
4293448323
4293449706
4293482124
4293486764
4293489669
4293493549
4293519806
4293537643
4293548780
4293567930
4293568916
4293601987
4293605235
4293606907
4293629894
4293632230
4293652167
4293661337
4293682627
4293694518
4293700916
4293708211
4293724341
4293747360
4293751000
4293772389
4293788148
4293792475
4293793562
4293798804
4293815511
4293825993
4293835176
4293843570
4293850856
4293861627
4293865541
4293883495
4293886160
4293887395
4293898296
4293898653
4293904257
4293906407
4293913051
4293918848
4293926678
4293936559
4293945674
4293956150
4293963783
4293964791
4293982438
4293987074
4293988643
4293993939
4294002542
4294012502
4294015951
4294020179
4294033967
4294040087
4294040706
4294043232
4294046781
4294050298
4294053624
4294062890
4294071522
4294080863
4294082471
4294086310
4294099601
4294103893
4294106550
4294115903
4294120498
4294121435
4294129096
4294132136
4294140684
4294147675
4294151448
4294157477
4294159858
4294161182
4294161584
4294166303
4294170187
4294172932
4294175492
4294176912
4294181197
4294186579
4294191085
4294201038
4294203182
4294206362
4294211474
4294215709
4294221348
4294228947
4294229707
4294234805
4294236327
4294240764
4294242423
4294244312
4294247798
4294249049
4294250757
4294251326
4294254432
4294256888
4294258088
4294265474
4294268924
4294274365
4294276665
4294277040
4294280060
4294282805
4294284265
4294284949
4294288616
4294290356
4294298264
4294303508
4294305037
4294306988
4294311606
4294314204
4294316525
4294322975
4294328003
4294331873
4294335698
4294337774
4294343069
4294344223
4294346887
4294350481
4294352965
4294357367
4294359094
4294360140
4294360803
4294365388
4294367027
4294369237
4294372255
4294373203
4294375311
4294379488
4294379785
4294381593
4294382587
4294384749
4294386185
4294391861
4294392661
4294395693
4294397277
4294402828
4294406535
4294410411
4294414857
4294416746
4294420446
4294422219
4294424469
4294426750
4294427649
4294430320
4294430756
4294431540
4294434552
4294436487
4294443224
4294445833
4294448269
4294450696
4294456553
4294459603
4294460859
4294461824
4294462192
4294463284
4294463964
4294464920
4294466731
4294470730
4294473342
4294474141
4294474215
4294474505
4294475856
4294476970
4294479120
4294481387
4294482378
4294482482
4294483504
4294485396
4294486215
4294488045
4294490995
4294491513
4294493367
4294495836
4294498479
4294499695
4294502123
4294503392
4294505005
4294505170
4294506964
4294508603
4294510024
4294511571
4294512663
4294512798
4294514292
4294517486
4294521449
4294522375
4294524036
4294526164
4294528002
4294528487
4294529125
4294529355
4294532190
4294533497
4294533809
4294537019
4294537785
4294538464
4294541144
4294541884
4294543418
4294544698
4294545576
4294547738
4294549935
4294550115
4294553107
4294554573
4294555364
4294556588
4294557717
4294559134
4294560446
4294560662
4294560790
4294562581
4294562736
4294563634
4294564260
4294564936
4294565841
4294566390
4294567400
4294569255
4294571191
4294572899
4294574450
4294574945
4294575671
4294577182
4294577962
4294578942
4294579382
4294579845
4294580143
4294582077
4294586394
4294586690
4294587803
4294589090
4294589698
4294590139
4294590409
4294591003
4294592338
4294592938
4294595119
4294595852
4294596665
4294597503
4294598564
4294598761
4294599720
4294600068
4294600489
4294601636
4294602574
4294603708
4294604543
4294605959
4294606615
4294607323
4294608154
4294609563
4294611018
4294611746
4294612464
4294613196
4294613875
4294615662
4294616440
4294617523
4294618359
4294619544
4294620114
4294620981
4294622120
4294622557
4294622669
4294623176
4294623475
4294623850
4294624459
4294624934
4294625146
4294626042
4294626894
4294627014
4294627499
4294627741
4294627984
4294628376
4294629326
4294629719
4294630091
4294633227
4294633485
4294633541
4294633997
4294635500
4294636091
4294636831
4294637397
4294638125
4294638788
4294638961
4294639034
4294639978
4294641383
4294641842
4294642030
4294642485
4294642832
4294644005
4294644454
4294645245
4294645336
4294645493
4294645894
4294646050
4294647309
4294647489
4294648918
4294649144
4294649918
4294650067
4294650689
4294651154
4294651605
4294652513
4294653067
4294653718
4294654263
4294654893
4294657178
4294657349
4294657532
4294658405
4294659111
4294659792
4294660393
4294661092
4294661509
4294662580
4294662765
4294663802
4294664155
4294665097
4294666512
4294667042
4294667798
4294667916
4294668498
4294669690
4294670598
4294671803
4294672765
4294673425
4294674102
4294674598
4294674951
4294675276
4294676400
4294676960
4294677469
4294678096
4294679356
4294679848
4294680171
4294680762
4294680876
4294681404
4294681688
4294681816
4294682444
4294682533
4294683335
4294683721
4294683831
4294684009
4294685175
4294685957
4294686361
4294686425
4294686552
4294823829
4294892708
4294928857
4294948887
4294961609
757
3714
5630
6997
8081
8884
9611
10246
10879
11395
11812
12143
12550
12683
13163
