4227824569
4261378815
4261381453
4272566946
4278159452
4278164114
4281511009
4281516265
4281519485
4283758486
4285350915
4286547743
4287464624
4287474553
4288222458
4288832624
4288837899
4289332196
4289773655
4289778069
4289780649
4290138069
4290146460
4290459839
4290745684
4290749540
4290751870
4290997142
4290999673
4291402991
4291411108
4291413984
4291586821
4291748549
4291752299
4291892819
4291895225
4292014818
4292024934
4292148961
4292250201
4292259451
4292263669
4292365324
4292459176
4292546112
4292549164
4292629204
4292633968
4292636204
4292698412
4292700990
4292704213
4292709359
4292766986
4292775153
4292776845
4292844579
4292849113
4292904746
4292909707
4292911180
4292915080
4292952072
4292972153
4292977558
4293028395
4293066901
4293084855
4293130404
4293131480
4293164853
4293176353
4293177993
4293181939
4293222696
4293227074
4293229238
4293266135
4293268233
4293310687
4293341496
4293350337
4293350611
4293383644
4293388314
4293415395
4293449736
4293456260
4293458185
4293479815
4293486735
4293491680
4293521059
4293547148
4293553095
4293572126
4293576375
4293578320
4293583675
4293652128
4293662134
4293678016
4293683733
4293701189
4293707438
4293709270
4293710483
4293719284
4293727823
4293747185
4293750895
4293756371
4293768056
4293785478
4293809536
4293811260
4293813221
4293831685
4293846120
4293850144
4293853986
4293865670
4293873581
4293880643
4293882178
4293892066
4293902090
4293913517
4293917629
4293921369
4293929672
4293954696
4293957431
4293959224
4293965278
4293969435
4293973110
4293975605
4293988046
4293991648
4294002377
4294005069
4294025753
4294029622
4294036956
4294044564
4294052474
4294056766
4294061131
4294065876
4294068372
4294073090
4294078410
4294080795
4294087141
4294090666
4294092364
4294093483
4294095749
4294100047
4294101185
4294108754
4294114404
4294120034
4294127291
4294133306
4294142225
4294142540
4294147203
4294149773
4294150848
4294161657
4294162982
4294170336
4294171828
4294174497
4294184032
4294186642
4294189330
4294191026
4294193599
4294194811
4294195809
4294200611
4294208218
4294208819
4294216837
4294217430
4294223535
4294225603
4294227109
4294229873
4294231098
4294231795
4294235327
4294237447
4294240231
4294243738
4294248301
4294250244
4294257907
4294260203
4294264057
4294266239
4294270534
4294281789
4294283052
4294284837
4294291208
4294295786
4294300508
4294307514
4294309137
4294309725
4294310423
4294316126
4294317951
4294319742
4294321886
4294323012
4294327363
4294328972
4294329750
4294330539
4294333654
4294339792
4294342475
4294345407
4294349542
4294351129
4294354008
4294354717
4294360754
4294362103
4294364140
4294369820
4294371757
4294373507
4294376751
4294386162
4294387248
4294389234
4294391095
4294391439
4294392764
4294395451
4294399055
4294401488
4294402724
4294404499
4294407046
4294410939
4294412036
4294413106
4294415925
4294417093
4294418284
4294419079
4294419509
4294421067
4294422943
4294427578
4294429093
4294431821
4294432624
4294434064
4294436694
4294437402
4294441084
4294441756
4294442017
4294444017
4294446531
4294447077
4294448110
4294449390
4294450843
4294452860
4294453500
4294455710
4294456392
4294457063
4294459798
4294460099
4294460176
4294461749
4294464625
4294465681
4294468034
4294469160
4294470183
4294472409
4294472752
4294474318
4294476201
4294478201
4294479401
4294482765
4294483504
4294485881
4294488441
4294489570
4294490269
4294491809
4294493241
4294494319
4294495208
4294496689
4294497116
4294498729
4294499063
4294504485
4294509314
4294511250
4294513245
4294515997
4294516980
4294517538
4294518244
4294519502
4294520429
4294521288
4294522584
4294522795
4294523437
4294524301
4294526461
4294527210
4294528062
4294529788
4294531460
4294533169
4294533595
4294534817
4294535789
4294536799
4294540221
4294540431
4294542418
4294542856
4294543609
4294544357
4294546447
4294546953
4294547292
4294548666
4294549694
4294551935
4294553793
4294554130
4294555837
4294556858
4294557373
4294557736
4294559082
4294561582
4294563701
4294565050
4294567731
4294568710
4294570173
4294571394
4294573096
4294573383
4294574667
4294575426
4294575799
4294576074
4294578699
4294579593
4294580832
4294581444
4294582350
4294582983
4294583553
4294584464
4294585746
4294587457
4294587782
4294588576
4294589253
4294590445
4294590776
4294592054
4294592120
4294593156
4294594984
4294595945
4294596414
4294597956
4294598432
4294600435
4294601093
4294601847
4294602720
4294603200
4294604279
4294604759
4294604957
4294605568
4294605930
4294606436
4294607992
4294608951
4294609175
4294609983
4294610353
4294611139
4294612804
4294613369
4294613738
4294615868
4294617497
4294618022
4294618859
4294619810
4294620491
4294621837
4294622075
4294623438
4294624846
4294625033
4294625284
4294625458
4294626412
4294626811
4294628492
4294630368
4294631714
4294633497
4294634240
4294634329
4294634557
4294634710
4294635117
4294635981
4294636756
4294638549
4294639122
4294639297
4294639400
4294639872
4294641140
4294641710
4294641857
4294643076
4294643624
4294644057
4294644714
4294645533
4294645808
4294646919
4294648462
4294648610
4294649563
4294650405
4294652189
4294653502
4294654539
4294655212
4294655789
4294655944
4294656686
4294657148
4294657583
4294657677
4294657942
4294658513
4294658930
4294659701
4294660218
4294660721
4294661072
4294661297
4294662172
4294663010
4294663744
4294663944
4294665806
4294666146
4294666807
4294667601
4294668030
4294668634
4294669335
4294670056
4294671911
4294672194
4294672444
4294672528
4294673416
4294673657
4294674468
4294675357
4294675580
4294675886
4294676149
4294676318
4294676809
4294678226
4294678832
4294680132
4294680840
4294680952
4294681689
4294683250
4294683543
4294683995
4294684388
4294686105
4294686531
4294686934
4294825984
4294893439
4294929144
4294948910
4294961690
798
3785
5659
6992
7995
8885
9581
10242
10707
11243
11702
11916
12415
12798
12884
