4227819299
4227823143
4261366867
4261378613
4272560167
4272566515
4278143595
4278152082
4281514429
4283751379
4283755931
4285331427
4285351742
4285353571
4286544678
4286551986
4287486658
4288217399
4288223407
4288844883
4289349572
4289774375
4289780546
4290138448
4290464111
4290743643
4290993591
4291209386
4291215582
4291391273
4291405797
4291407500
4291582872
4291595793
4291883851
4291893562
4292027606
4292028751
4292029274
4292143749
4292151234
4292359774
4292365490
4292457604
4292541120
4292549233
4292629626
4292767213
4292778354
4292786032
4292853073
4292910537
4292918988
4293022536
4293030108
4293084765
4293086818
4293134731
4293139394
4293180139
4293183171
4293220718
4293228117
4293229761
4293267932
4293303292
4293310150
4293314006
4293354072
4293378874
4293414478
4293419512
4293424391
4293451286
4293453304
4293457622
4293483529
4293488002
4293490320
4293515610
4293518824
4293523716
4293551810
4293567303
4293577183
4293578013
4293591604
4293608333
4293628057
4293629886
4293632185
4293650164
4293658653
4293678153
4293702309
4293702811
4293717729
4293729308
4293731640
4293749859
4293764770
4293769449
4293787874
4293790102
4293802988
4293824666
4293826750
4293828978
4293833178
4293865596
4293867301
4293868120
4293897293
4293913323
4293916631
4293922511
4293935825
4293950564
4293953320
4293963341
4293970480
4293976666
4293982725
4293985262
4293989676
4293991656
4293999654
4294002924
4294004163
4294013129
4294019220
4294020982
4294028521
4294031528
4294036885
4294042180
4294051833
4294059737
4294061549
4294067098
4294071710
4294073054
4294076153
4294079266
4294083071
4294091917
4294107186
4294117382
4294124370
4294125243
4294129786
4294133394
4294139007
4294141138
4294143143
4294144532
4294146455
4294151129
4294155781
4294156974
4294161742
4294167967
4294172976
4294178746
4294179418
4294181081
4294182971
4294188745
4294195133
4294202137
4294204390
4294209618
4294220228
4294222791
4294231387
4294235013
4294235915
4294243064
4294248259
4294252938
4294264762
4294272702
4294278881
4294279718
4294282357
4294283474
4294289018
4294290855
4294297126
4294297476
4294309342
4294310068
4294311977
4294312719
4294313570
4294313889
4294314808
4294316363
4294317858
4294320714
4294325476
4294329881
4294330842
4294337687
4294342239
4294344788
4294348244
4294349132
4294352062
4294354132
4294356645
4294365741
4294366539
4294367627
4294370030
4294374150
4294376953
4294379460
4294380141
4294381051
4294381718
4294383071
4294388789
4294390169
4294392131
4294395646
4294396776
4294398043
4294398666
4294400904
4294405728
4294410501
4294412850
4294418599
4294419246
4294420699
4294421858
4294424382
4294426047
4294427434
4294430441
4294431899
4294432045
4294434109
4294434256
4294434965
4294437237
4294439262
4294439974
4294441179
4294442021
4294444530
4294447592
4294448625
4294450163
4294452494
4294454652
4294456035
4294458672
4294460329
4294461773
4294462967
4294464553
4294465935
4294466962
4294468711
4294470294
4294472969
4294473858
4294476520
4294481564
4294484529
4294486569
4294487866
4294489789
4294490879
4294491973
4294492884
4294493347
4294494365
4294494998
4294496340
4294499576
4294499984
4294500669
4294500845
4294502076
4294503294
4294504481
4294506347
4294507149
4294510054
4294511526
4294511596
4294513941
4294514625
4294519836
4294521979
4294524895
4294525653
4294526559
4294527963
4294528896
4294529249
4294530839
4294532025
4294534977
4294539646
4294542669
4294543737
4294545278
4294546436
4294547916
4294550121
4294551713
4294553023
4294555041
4294555795
4294556866
4294557856
4294559005
4294559964
4294561142
4294562235
4294563194
4294563777
4294564461
4294566024
4294566664
4294567015
4294567684
4294568913
4294571211
4294571858
4294572502
4294572642
4294573718
4294574972
4294575653
4294576261
4294576948
4294578384
4294578980
4294579101
4294580177
4294580824
4294581840
4294583568
4294584584
4294585276
4294585621
4294587221
4294587635
4294588061
4294589160
4294589671
4294591317
4294592295
4294592606
4294593557
4294593701
4294594071
4294596363
4294597834
4294598550
4294599406
4294599854
4294601347
4294602136
4294603734
4294604337
4294605202
4294605474
4294605996
4294606820
4294607443
4294608713
4294609588
4294609887
4294610334
4294611623
4294612200
4294614528
4294614809
4294617282
4294617635
4294618784
4294619337
4294620121
4294620648
4294620800
4294621331
4294621584
4294622659
4294623188
4294623357
4294623978
4294624681
4294625492
4294625684
4294626466
4294627113
4294627547
4294628218
4294628454
4294628830
4294629716
4294631056
4294631864
4294632428
4294633612
4294634478
4294634593
4294635419
4294635748
4294636412
4294636743
4294637262
4294637659
4294637950
4294638343
4294639216
4294639464
4294640033
4294640373
4294641922
4294642034
4294642748
4294643170
4294644305
4294644678
4294645537
4294645863
4294646149
4294646615
4294647324
4294648282
4294648961
4294649119
4294649636
4294650602
4294650988
4294651282
4294652353
4294652986
4294653220
4294654002
4294655253
4294655752
4294656127
4294656180
4294657003
4294657233
4294657996
4294658221
4294659095
4294659754
4294661105
4294662031
4294662225
4294663377
4294665351
4294666007
4294666754
4294667492
4294668889
4294669385
4294670436
4294671237
4294672254
4294673374
4294673826
4294674456
4294675450
4294676378
4294677520
4294678380
4294678993
4294679524
4294680384
4294681226
4294681791
4294681956
4294682174
4294682378
4294682718
4294685054
4294685443
4294686244
4294686551
4294687048
4294687613
4294687796
4294688584
4294689412
4294689946
4294690397
4294690817
4294691217
4294692492
4294692654
4294692940
4294693277
4294693532
4294694064
4294694621
4294695887
4294696035
4294696237
4294696878
4294697431
4294698504
4294699093
4294828083
4294894066
4294929117
4294949118
4294961706
848
3776
5663
7061
8082
8953
9686
10372
10918
11410
11704
12095
12276
12407
12917
