4261374506
4261377017
4261383056
4272551125
4272559310
4272561068
4272571206
4281512207
4281514899
4283758167
4285341096
4285352930
4286545652
4286556004
4287474646
4287481813
4288225199
4288235275
4288827689
4288837076
4288840673
4289344284
4289779134
4289780465
4289781127
4290150084
4290460286
4290467108
4290472525
4290474027
4290749915
4290995992
4291214195
4291407382
4291413905
4291584489
4291593166
4291748520
4291751411
4291890631
4291895164
4292019580
4292025832
4292145434
4292147339
4292150866
4292253141
4292257109
4292359480
4292364112
4292457017
4292461469
4292542417
4292549826
4292629880
4292632419
4292699396
4292708225
4292712994
4292773442
4292779557
4292842994
4292849217
4292854961
4292908207
4292965033
4292971141
4292979317
4293025402
4293029901
4293030938
4293086132
4293126672
4293184029
4293221769
4293226676
4293266841
4293303641
4293308294
4293311040
4293346164
4293348276
4293349956
4293378133
4293387106
4293417453
4293422227
4293454890
4293460776
4293480187
4293485290
4293522595
4293552806
4293565953
4293577312
4293600687
4293609218
4293625201
4293628776
4293633499
4293635785
4293651455
4293657531
4293678556
4293684110
4293702029
4293725669
4293743469
4293747627
4293752352
4293769775
4293784717
4293806352
4293817308
4293832110
4293850083
4293852415
4293865485
4293874628
4293880193
4293894295
4293898858
4293912097
4293914605
4293918283
4293927522
4293943045
4293947521
4293965520
4293972307
4293981769
4293986545
4293992029
4293995225
4293998748
4294004163
4294010264
4294021066
4294029583
4294037538
4294049044
4294052297
4294060474
4294064540
4294076962
4294088067
4294090024
4294098180
4294105175
4294108993
4294110479
4294120414
4294122706
4294126638
4294128836
4294129822
4294133481
4294143513
4294145520
4294151175
4294156482
4294157378
4294159842
4294165229
4294170215
4294172680
4294173395
4294175812
4294180628
4294188540
4294190325
4294196912
4294198216
4294209739
4294212005
4294216901
4294217398
4294220553
4294224780
4294227596
4294230756
4294233015
4294237277
4294238400
4294241548
4294244275
4294250592
4294253619
4294255951
4294256594
4294258789
4294261144
4294262925
4294269293
4294270516
4294271729
4294275085
4294275410
4294277357
4294280373
4294282205
4294285081
4294289710
4294291821
4294294095
4294296050
4294297664
4294300118
4294307993
4294308881
4294313328
4294315854
4294317959
4294320166
4294329021
4294330934
4294344443
4294344794
4294345542
4294348257
4294354643
4294359916
4294360240
4294365309
4294366244
4294366489
4294366693
4294368813
4294369604
4294374560
4294375851
4294377787
4294378663
4294379758
4294380504
4294384325
4294385223
4294388337
4294390615
4294396397
4294398608
4294400484
4294400854
4294401632
4294402514
4294403716
4294406759
4294407430
4294409096
4294412352
4294413195
4294417433
4294419706
4294422732
4294426307
4294430174
4294432825
4294432903
4294433811
4294434943
4294435442
4294436228
4294439017
4294440577
4294442462
4294443300
4294444980
4294446273
4294452209
4294454578
4294455481
4294456160
4294459537
4294460410
4294461017
4294461110
4294462878
4294464487
4294464743
4294465969
4294468724
4294469218
4294471386
4294472604
4294474110
4294475260
4294476288
4294479327
4294482369
4294483719
4294484078
4294487054
4294488615
4294489993
4294491394
4294493113
4294494932
4294496734
4294497498
4294498311
4294502964
4294504837
4294507926
4294510359
4294513581
4294514092
4294515959
4294516718
4294518326
4294521127
4294521805
4294524506
4294527136
4294527447
4294528207
4294531555
4294534882
4294536313
4294537163
4294537362
4294538628
4294539588
4294540698
4294542360
4294543725
4294545188
4294545415
4294545877
4294547919
4294549102
4294553527
4294553746
4294554755
4294556034
4294556467
4294558539
4294559444
4294561435
4294564153
4294565457
4294566548
4294569272
4294569935
4294570075
4294570488
4294571221
4294571456
4294574615
4294576075
4294578394
4294579843
4294580877
4294581596
4294581834
4294582335
4294584234
4294584728
4294584988
4294585194
4294585757
4294586458
4294587062
4294589003
4294589316
4294589747
4294590502
4294590754
4294591158
4294593000
4294594095
4294594418
4294595046
4294595735
4294597402
4294597952
4294598554
4294599826
4294601743
4294602040
4294602240
4294603390
4294604295
4294605528
4294605998
4294606784
4294607087
4294609310
4294609652
4294612376
4294613420
4294614190
4294615286
4294615972
4294619105
4294619738
4294619770
4294620965
4294621188
4294622294
4294622510
4294622726
4294623066
4294624037
4294624254
4294624628
4294625403
4294626188
4294626438
4294627051
4294627689
4294628492
4294628617
4294628833
4294629591
4294630378
4294630643
4294631222
4294631946
4294632407
4294633346
4294633789
4294634116
4294634723
4294635024
4294635160
4294635481
4294635946
4294637944
4294638403
4294638849
4294639632
4294640494
4294640946
4294641641
4294642654
4294643079
4294644523
4294644797
4294645304
4294645461
4294645755
4294647098
4294647463
4294647947
4294648866
4294649321
4294649774
4294650669
4294652201
4294652359
4294653683
4294654729
4294655766
4294655944
4294656367
4294656514
4294657194
4294657925
4294658426
4294659325
4294660401
4294661073
4294661754
4294662022
4294662151
4294663012
4294663341
4294663900
4294664620
4294665186
4294665642
4294665881
4294666462
4294667765
4294668263
4294669131
4294669625
4294670164
4294670274
4294671163
4294673123
4294673297
4294673482
4294673992
4294674762
4294675054
4294675739
4294676363
4294677349
4294677857
4294678637
4294680433
4294681306
4294682618
4294682730
4294683226
4294683531
4294683858
4294683911
4294684331
4294685348
4294686112
4294686280
4294687469
4294687842
4294688422
4294688651
4294689117
4294689712
4294690770
4294690988
4294691290
4294691550
4294822367
4294891523
4294928842
4294948857
4294961781
919
3779
5654
7046
8052
8928
9547
10153
10684
11153
11620
12196
12540
12598
12750
