4227801290
4227821239
4261374350
4261379511
4272554895
4281497425
4281512235
4281520186
4281522979
4283751991
4285343747
4285355264
4285356947
4286535900
4287489029
4288224742
4288229831
4288828769
4289335108
4289349148
4289350532
4289352644
4289773679
4290464992
4290741912
4291208079
4291215408
4291404479
4291408929
4291412842
4291585762
4291590182
4291732018
4291745860
4291882970
4291895984
4292027077
4292147430
4292253227
4292260169
4292263803
4292364653
4292367637
4292455469
4292459916
4292549536
4292550650
4292628412
4292633218
4292707637
4292713581
4292771959
4292780232
4292841445
4292849303
4292906221
4292917222
4292973524
4293024996
4293120403
4293125510
4293135338
4293174219
4293181779
4293182318
4293224587
4293261808
4293300286
4293311235
4293313552
4293345373
4293349051
4293378307
4293412708
4293426460
4293453289
4293482044
4293490402
4293514175
4293546365
4293552647
4293572746
4293578184
4293627680
4293633555
4293644903
4293657735
4293661282
4293678396
4293681236
4293703013
4293726124
4293728322
4293748041
4293751837
4293784011
4293801475
4293808505
4293845064
4293847879
4293856035
4293861932
4293870842
4293883711
4293897269
4293899232
4293911098
4293917006
4293918789
4293932862
4293936480
4293939556
4293946940
4293947870
4293957944
4293961391
4293975083
4293977347
4293988618
4293996320
4294000804
4294013176
4294013785
4294017681
4294025347
4294033016
4294035125
4294039933
4294042247
4294059082
4294078253
4294087491
4294089147
4294092478
4294102581
4294104181
4294110794
4294131642
4294139395
4294146863
4294148281
4294153938
4294157480
4294160200
4294162013
4294162800
4294166687
4294168665
4294172041
4294175665
4294177553
4294179909
4294184822
4294191421
4294193170
4294194978
4294198970
4294202366
4294205596
4294207143
4294213199
4294214206
4294217631
4294220365
4294226541
4294226927
4294230044
4294236230
4294237660
4294241844
4294241974
4294245487
4294249774
4294260867
4294265337
4294273884
4294278861
4294286107
4294286367
4294294931
4294299979
4294302173
4294304757
4294308166
4294310109
4294311378
4294313097
4294317292
4294319327
4294319635
4294324348
4294328061
4294335339
4294340852
4294343701
4294346199
4294346910
4294348035
4294350889
4294360643
4294363017
4294364407
4294368825
4294374132
4294375330
4294376805
4294378359
4294381673
4294383935
4294385483
4294386652
4294387616
4294389160
4294390654
4294393200
4294397395
4294398740
4294403250
4294404076
4294404771
4294405609
4294407150
4294411422
4294411860
4294415229
4294416030
4294418004
4294419495
4294420036
4294422279
4294423269
4294424701
4294424839
4294426082
4294427676
4294428700
4294428816
4294430729
4294431983
4294434503
4294436911
4294438515
4294438965
4294440482
4294442432
4294442695
4294443182
4294443606
4294444969
4294445841
4294447061
4294449273
4294456374
4294458224
4294459016
4294460286
4294463297
4294467640
4294467885
4294468205
4294470261
4294470780
4294470945
4294472073
4294473130
4294473222
4294475127
4294476088
4294480152
4294481021
4294483765
4294487939
4294491795
4294492042
4294492624
4294495913
4294498120
4294498175
4294498898
4294500755
4294501113
4294502766
4294503866
4294509751
4294511247
4294513060
4294514309
4294517027
4294518043
4294518281
4294520008
4294520671
4294521396
4294521770
4294523039
4294523622
4294524947
4294526600
4294527759
4294529077
4294529566
4294530969
4294531389
4294532373
4294535290
4294537334
4294538767
4294539371
4294542775
4294544088
4294544664
4294547107
4294547645
4294547893
4294550290
4294551350
4294553316
4294555667
4294556062
4294557343
4294557516
4294558331
4294558678
4294560501
4294561035
4294562485
4294563917
4294565003
4294565167
4294566097
4294567356
4294567919
4294567938
4294568255
4294569048
4294570653
4294571367
4294571520
4294572051
4294573804
4294574292
4294575915
4294576927
4294578453
4294578840
4294580667
4294580772
4294582291
4294582681
4294583903
4294585635
4294586499
4294587108
4294587332
4294587987
4294589407
4294590270
4294590938
4294593378
4294593547
4294593976
4294595916
4294596648
4294597090
4294597511
4294598194
4294599034
4294600537
4294601324
4294601692
4294602314
4294602794
4294603729
4294604072
4294605069
4294605722
4294606643
4294606860
4294607156
4294607258
4294608020
4294608610
4294609636
4294610926
4294611022
4294613862
4294615350
4294616690
4294617132
4294617484
4294618286
4294619029
4294619951
4294621017
4294621146
4294622632
4294623038
4294623344
4294623454
4294623682
4294624677
4294625221
4294626279
4294626878
4294628516
4294629183
4294629436
4294630103
4294630634
4294631141
4294632185
4294632974
4294634444
4294635358
4294635993
4294636647
4294636851
4294637209
4294638207
4294638550
4294639072
4294639461
4294640776
4294642823
4294643527
4294644635
4294645243
4294645891
4294647017
4294647227
4294647438
4294647742
4294649437
4294650063
4294650940
4294652336
4294653614
4294654051
4294654555
4294655115
4294656462
4294657995
4294658999
4294659990
4294660684
4294661613
4294662579
4294663365
4294664817
4294665838
4294666415
4294668216
4294668303
4294668687
4294668839
4294669172
4294669393
4294670102
4294670583
4294671392
4294672385
4294673370
4294674018
4294674235
4294674816
4294675087
4294675811
4294676259
4294676559
4294676697
4294677007
4294677090
4294677366
4294677736
4294678032
4294678551
4294678928
4294679402
4294680710
4294681032
4294681650
4294681855
4294682528
4294682968
4294683541
4294683717
4294684007
4294684917
4294684988
4294685328
4294685533
4294686370
4294687064
4294687323
4294687798
4294689009
4294689335
4294690251
4294690445
4294690727
4294691550
4294692057
4294692122
4294692385
4294692585
4294693187
4294693357
4294694008
4294695246
4294695509
4294696248
4294696450
4294696537
4294823181
4294891393
4294928651
4294948741
4294961733
854
3842
5713
7056
8091
8939
9744
10342
10893
11433
11940
12169
12251
12446
13389
