4227815271
4227820026
4227822318
4261375885
4261380225
4272565660
4272566488
4272567853
4278162918
4281508485
4281515988
4281522236
4283751608
4283753486
4285339102
4285350186
4286537760
4286542855
4286545681
4287473991
4287481120
4287484015
4287487590
4287488342
4288228530
4288232797
4288841280
4289345503
4289778158
4290120838
4290153596
4290469856
4290742124
4290745145
4290753358
4290987415
4290989455
4290998076
4291214659
4291410897
4291578618
4291584983
4291590312
4291745956
4291882580
4291890179
4291893052
4291894141
4292020157
4292024931
4292029661
4292135278
4292147157
4292151033
4292343818
4292362262
4292456112
4292459048
4292525099
4292629374
4292634257
4292771060
4292780090
4292838853
4292845269
4292906334
4292910114
4292911377
4292913614
4292975293
4293080273
4293136038
4293173783
4293177287
4293181981
4293218008
4293267077
4293297644
4293311117
4293355335
4293378202
4293383181
4293385157
4293416228
4293421880
4293424264
4293455955
4293459518
4293484366
4293487921
4293490010
4293512322
4293547482
4293564763
4293572780
4293578051
4293596837
4293624897
4293630720
4293658186
4293669183
4293684047
4293707658
4293726973
4293729483
4293739619
4293748687
4293753024
4293756322
4293769395
4293783208
4293786543
4293792472
4293796182
4293800238
4293804199
4293809613
4293814459
4293827125
4293830559
4293832763
4293838441
4293849684
4293857141
4293863455
4293863640
4293872171
4293878936
4293884323
4293893583
4293901125
4293918213
4293927009
4293934315
4293939522
4293959385
4293975295
4293990327
4293995090
4294005190
4294007507
4294025670
4294035749
4294051045
4294058441
4294063422
4294066243
4294077376
4294080003
4294083433
4294088044
4294090338
4294101062
4294104768
4294108616
4294111377
4294114198
4294121354
4294122797
4294136487
4294141636
4294143506
4294147453
4294157218
4294164357
4294166209
4294168794
4294170286
4294171187
4294173472
4294178674
4294180707
4294181399
4294186713
4294189104
4294193689
4294201387
4294205836
4294212217
4294218261
4294219719
4294224074
4294227315
4294228884
4294234661
4294235919
4294239801
4294243202
4294249241
4294251737
4294254289
4294260837
4294265124
4294266821
4294269552
4294269837
4294271512
4294272073
4294274175
4294275208
4294277802
4294278605
4294279471
4294282104
4294290048
4294292815
4294294923
4294300943
4294302716
4294307257
4294308633
4294318377
4294318930
4294320887
4294321447
4294322978
4294324923
4294326022
4294329764
4294330699
4294331890
4294334187
4294335153
4294341214
4294342040
4294343235
4294344167
4294347486
4294349393
4294351376
4294353373
4294354006
4294355243
4294357626
4294361533
4294363778
4294364875
4294365502
4294369080
4294369856
4294370609
4294373666
4294378126
4294384290
4294386374
4294390820
4294394404
4294404532
4294406821
4294407485
4294407746
4294409358
4294411388
4294416047
4294416567
4294417320
4294421265
4294422674
4294425821
4294427488
4294428514
4294429827
4294430725
4294433785
4294434663
4294438097
4294440727
4294441439
4294447724
4294453691
4294456277
4294458517
4294458773
4294459917
4294461191
4294461954
4294464327
4294466754
4294468946
4294477452
4294479580
4294481717
4294484535
4294486310
4294486519
4294487902
4294489829
4294491447
4294495615
4294498265
4294501433
4294502192
4294505269
4294505776
4294508933
4294511350
4294512184
4294514050
4294515092
4294515285
4294517451
4294518867
4294522074
4294522665
4294523776
4294524559
4294527072
4294528976
4294529826
4294531176
4294531758
4294532771
4294533104
4294534893
4294539637
4294540176
4294540715
4294544262
4294546004
4294546511
4294548884
4294549606
4294552040
4294552814
4294553668
4294554193
4294556140
4294556931
4294557890
4294558758
4294559554
4294561221
4294562181
4294565172
4294566000
4294567582
4294571717
4294572130
4294573415
4294573568
4294575034
4294575848
4294576495
4294577349
4294578359
4294578679
4294579524
4294580488
4294581566
4294582578
4294582761
4294583429
4294585259
4294585667
4294586160
4294588227
4294589433
4294590386
4294590718
4294591305
4294591491
4294592381
4294593630
4294594757
4294597520
4294598635
4294599079
4294600361
4294601623
4294602821
4294602885
4294603232
4294604837
4294607370
4294608291
4294608970
4294610164
4294610954
4294614759
4294615227
4294615463
4294616799
4294618021
4294620267
4294622200
4294622924
4294623908
4294625359
4294626293
4294626769
4294626955
4294627906
4294628334
4294630729
4294631749
4294631938
4294632554
4294632956
4294633742
4294634215
4294634344
4294635446
4294637163
4294638057
4294638497
4294639091
4294639341
4294639636
4294641672
4294642755
4294643297
4294644101
4294644521
4294645679
4294645975
4294646720
4294648295
4294649674
4294649981
4294650669
4294651231
4294651804
4294652240
4294653027
4294653302
4294654117
4294655346
4294655914
4294656785
4294657340
4294657770
4294657794
4294658105
4294659163
4294660513
4294661138
4294661765
4294661953
4294662894
4294663195
4294663865
4294664356
4294665369
4294666008
4294666256
4294666579
4294667200
4294667648
4294668273
4294668653
4294668972
4294669778
4294669888
4294670115
4294670326
4294671201
4294672024
4294672778
4294673147
4294673503
4294673949
4294674946
4294675489
4294675924
4294676925
4294677108
4294677452
4294677691
4294678122
4294678208
4294679013
4294679859
4294680406
4294680900
4294681385
4294681879
4294682309
4294682457
4294683525
4294683747
4294685198
4294685337
4294685776
4294686401
4294686795
4294686951
4294688879
4294689078
4294689244
4294689460
4294689764
4294690711
4294690974
4294691312
4294691971
4294692191
4294692316
4294692930
4294693349
4294693595
4294694065
4294695053
4294695263
4294695908
4294696082
4294697133
4294697956
4294698605
4294699041
4294699390
4294700089
4294700485
4294700597
4294825716
4294893536
4294928876
4294949267
4294961871
894
3774
5676
7013
8086
8919
9661
10266
10697
11164
11842
12399
12610
13088
13267
