4227814186
4227820644
4227821966
4227823771
4227825261
4261371588
4261374411
4261379092
4272557045
4272562738
4278152483
4278156436
4278159944
4278164181
4281511539
4281513692
4281517058
4283754819
4285344795
4285349115
4286536386
4286545750
4286551057
4287481880
4287483304
4288223769
4288830425
4288837144
4288848022
4289348670
4290137828
4290145935
4290149210
4290151095
4290450138
4290464454
4290466963
4290467361
4290473536
4290747004
4290987534
4291004504
4291212192
4291216353
4291407618
4291411653
4291413629
4291578901
4291587669
4291590371
4291742993
4291747690
4291749822
4291751759
4291889625
4291891045
4291893663
4291898534
4292020956
4292024137
4292141929
4292144479
4292147809
4292152922
4292260312
4292355415
4292363772
4292367388
4292450735
4292452644
4292461027
4292539057
4292551784
4292626570
4292637750
4292697371
4292705740
4292709278
4292712583
4292779765
4292787789
4292847070
4292893055
4292915407
4292963788
4292975284
4293024694
4293034951
4293127265
4293135295
4293183573
4293225089
4293267921
4293275678
4293301887
4293309594
4293311558
4293346376
4293373179
4293383188
4293388389
4293417543
4293419443
4293422645
4293447726
4293455296
4293475884
4293484770
4293490669
4293513445
4293516411
4293523529
4293538813
4293544551
4293549131
4293576284
4293594462
4293603525
4293605542
4293608251
4293630711
4293653543
4293658553
4293678773
4293694210
4293699912
4293704283
4293705372
4293726496
4293741726
4293743935
4293762338
4293772270
4293807778
4293810039
4293825478
4293831448
4293843686
4293848894
4293866619
4293871009
4293882218
4293886258
4293898364
4293900540
4293911744
4293916483
4293918991
4293925683
4293932704
4293935125
4293950175
4293958210
4293961188
4293963547
4293968248
4293975453
4293981853
4293988589
4294002894
4294008907
4294012348
4294019826
4294020939
4294034013
4294042710
4294049049
4294051179
4294063951
4294074140
4294077006
4294084066
4294086809
4294087430
4294089907
4294091089
4294092144
4294095603
4294102448
4294110918
4294112457
4294118997
4294120449
4294122387
4294122727
4294124754
4294127840
4294134143
4294136690
4294141095
4294145556
4294145684
4294148551
4294148827
4294153565
4294156308
4294160939
4294167758
4294170586
4294172879
4294174204
4294178638
4294182976
4294186147
4294191894
4294200919
4294209460
4294217707
4294219156
4294226562
4294229392
4294232520
4294236254
4294241893
4294244199
4294245433
4294246782
4294251804
4294254620
4294258460
4294262271
4294262501
4294265882
4294274224
4294278382
4294280644
4294281455
4294285270
4294287288
4294287898
4294292059
4294294554
4294295610
4294301421
4294303482
4294307043
4294310040
4294311294
4294317418
4294321104
4294322329
4294322631
4294324587
4294326462
4294330633
4294331667
4294334819
4294341285
4294345113
4294346185
4294348336
4294349402
4294350147
4294357254
4294365861
4294367793
4294368663
4294372480
4294375336
4294379309
4294379768
4294383003
4294384714
4294387788
4294390832
4294392342
4294393892
4294395396
4294398667
4294401894
4294404554
4294405900
4294408126
4294411089
4294412870
4294414285
4294416731
4294419338
4294420800
4294424561
4294426407
4294428923
4294430245
4294433468
4294436705
4294437119
4294439754
4294440101
4294441577
4294442516
4294443695
4294445315
4294446178
4294447885
4294448981
4294450425
4294451716
4294452236
4294452800
4294453357
4294456046
4294458742
4294461759
4294463241
4294465511
4294466965
4294468642
4294470578
4294471718
4294472491
4294475025
4294479371
4294481505
4294483232
4294484727
4294486376
4294487143
4294487810
4294491014
4294492054
4294494189
4294495893
4294498387
4294499716
4294500677
4294501554
4294503131
4294503499
4294505030
4294507342
4294509418
4294509502
4294511666
4294514293
4294514607
4294514828
4294517567
4294518284
4294518737
4294519193
4294520017
4294521629
4294522178
4294522741
4294523546
4294526037
4294527079
4294528417
4294529392
4294529660
4294530499
4294532800
4294533204
4294536471
4294537197
4294538085
4294538643
4294541289
4294544611
4294546046
4294546324
4294547848
4294548066
4294549119
4294549336
4294550378
4294550750
4294551219
4294552415
4294553106
4294557602
4294559008
4294559173
4294560313
4294560870
4294561684
4294561905
4294562650
4294563248
4294564077
4294565069
4294566768
4294566920
4294567289
4294567942
4294569212
4294571307
4294572397
4294572402
4294572651
4294573465
4294574374
4294577514
4294578053
4294578440
4294580989
4294582082
4294583049
4294584215
4294585234
4294585463
4294586076
4294586856
4294587690
4294588134
4294589030
4294589662
4294590636
4294590744
4294594280
4294594366
4294596044
4294596604
4294597726
4294598638
4294600504
4294600992
4294601210
4294603309
4294604973
4294605772
4294607053
4294607904
4294608324
4294609439
4294609742
4294610130
4294610668
4294611236
4294611413
4294611683
4294612060
4294613483
4294614896
4294616651
4294619279
4294619452
4294620115
4294621068
4294621192
4294621596
4294622295
4294622810
4294623591
4294624721
4294625602
4294626112
4294627013
4294627390
4294627761
4294628077
4294628401
4294628566
4294628820
4294629145
4294631445
4294632118
4294633162
4294635530
4294635905
4294636289
4294636966
4294637234
4294637799
4294638784
4294639629
4294640953
4294642095
4294642655
4294643534
4294643829
4294644110
4294644450
4294645119
4294645461
4294645938
4294646215
4294646944
4294647413
4294647625
4294647778
4294648071
4294649024
4294649371
4294650004
4294650322
4294651253
4294651869
4294653860
4294654079
4294655253
4294655754
4294656315
4294656646
4294656809
4294657381
4294657878
4294658003
4294658776
4294659423
4294660018
4294660314
4294660410
4294661273
4294663261
4294663369
4294664217
4294664748
4294665032
4294665978
4294666569
4294666737
4294667221
4294814695
4294890529
4294928152
4294948922
4294961693
798
3813
5656
6986
8011
8900
9623
10255
10786
11258
11531
11988
12353
12545
12567
