4227817050
4227825352
4227826261
4261366860
4261380043
4261381590
4261383208
4272562369
4278153074
4283755383
4283756260
4285350354
4286539931
4286549909
4286550922
4286553165
4287483541
4287488394
4288221349
4288226830
4288830328
4288844494
4289345222
4289350387
4289777911
4289779396
4289780871
4290145451
4290464257
4290475015
4290740527
4290751838
4290986553
4290996395
4290999089
4291206853
4291208385
4291211474
4291212473
4291584383
4291586355
4291874721
4291892440
4292023053
4292028630
4292136821
4292146828
4292153616
4292355360
4292365597
4292544670
4292617907
4292695868
4292710443
4292711360
4292780392
4292780965
4292839520
4292850596
4292904832
4292970197
4292972874
4293026293
4293029959
4293077596
4293084859
4293121058
4293129306
4293130490
4293134661
4293177788
4293182147
4293227355
4293268938
4293301656
4293308812
4293313078
4293346820
4293350234
4293381639
4293387971
4293415552
4293419122
4293429290
4293454270
4293456334
4293481300
4293484645
4293488028
4293493034
4293515883
4293539480
4293548179
4293551175
4293568048
4293572517
4293579605
4293581351
4293600808
4293622556
4293631536
4293654013
4293670656
4293681990
4293695626
4293700367
4293725322
4293745218
4293748620
4293749736
4293752708
4293760121
4293770690
4293778044
4293788364
4293792640
4293802044
4293805037
4293810460
4293814883
4293823519
4293829957
4293844954
4293862782
4293864640
4293870506
4293886164
4293899064
4293902100
4293903639
4293912989
4293916050
4293926326
4293933302
4293937173
4293946238
4293951648
4293962472
4293965994
4293986206
4293989113
4293995322
4294001743
4294005609
4294008414
4294018716
4294025483
4294037322
4294043162
4294044375
4294051843
4294056590
4294062275
4294068998
4294072857
4294075401
4294088209
4294093837
4294100387
4294102776
4294104725
4294105127
4294107621
4294111145
4294121871
4294139107
4294144417
4294147002
4294151148
4294158747
4294166229
4294166435
4294169215
4294171169
4294173485
4294182075
4294188378
4294189226
4294193234
4294196834
4294198508
4294203197
4294212260
4294214536
4294219619
4294223081
4294224672
4294230436
4294235549
4294236287
4294238114
4294240510
4294243167
4294249098
4294251142
4294253202
4294254870
4294266844
4294270278
4294280582
4294285732
4294289124
4294291339
4294295946
4294299553
4294301978
4294303183
4294306019
4294317438
4294320877
4294324625
4294325495
4294329852
4294331917
4294337827
4294339904
4294342617
4294346682
4294348874
4294352600
4294355473
4294356848
4294357894
4294358775
4294363595
4294364877
4294366219
4294368907
4294370710
4294372692
4294376978
4294377563
4294378969
4294380106
4294382259
4294385267
4294386122
4294388280
4294389265
4294391567
4294392535
4294396032
4294398948
4294400918
4294402646
4294404978
4294407919
4294408992
4294409469
4294410882
4294411560
4294412352
4294414843
4294418886
4294419133
4294419750
4294420215
4294420565
4294423848
4294425469
4294426283
4294427813
4294432357
4294433328
4294435190
4294436188
4294437805
4294438620
4294441059
4294442411
4294443338
4294446075
4294448642
4294454981
4294457485
4294458140
4294459539
4294460113
4294461249
4294465212
4294467821
4294468890
4294468939
4294473929
4294475171
4294476452
4294478135
4294480778
4294488378
4294490894
4294492537
4294495656
4294496812
4294501028
4294502092
4294502660
4294503448
4294504193
4294505059
4294506450
4294508930
4294509985
4294513635
4294514890
4294518155
4294518694
4294519395
4294519995
4294521064
4294521357
4294522005
4294524215
4294527374
4294529455
4294531245
4294533233
4294535152
4294536993
4294537638
4294539172
4294540800
4294541112
4294542111
4294543374
4294543761
4294544634
4294544837
4294545654
4294546266
4294548798
4294550973
4294551396
4294551694
4294552025
4294553127
4294554682
4294555118
4294556409
4294556520
4294556729
4294557000
4294559429
4294560442
4294560701
4294561443
4294561762
4294564091
4294565768
4294567030
4294567287
4294567399
4294568141
4294569136
4294570301
4294572789
4294573564
4294573685
4294574348
4294574606
4294576238
4294576929
4294580053
4294581593
4294583245
4294584073
4294586343
4294586601
4294587561
4294588055
4294590693
4294592166
4294592445
4294592893
4294593675
4294594218
4294594281
4294594605
4294595022
4294598152
4294598782
4294599593
4294599740
4294600924
4294601387
4294602971
4294604187
4294606227
4294606768
4294607646
4294608541
4294609597
4294611450
4294612000
4294612381
4294613073
4294613247
4294614557
4294614940
4294615330
4294616945
4294617871
4294619407
4294620101
4294620970
4294621128
4294621731
4294621948
4294622821
4294623399
4294623824
4294624641
4294625718
4294626185
4294627036
4294627883
4294629598
4294632074
4294632278
4294632734
4294633124
4294633870
4294634366
4294635318
4294635877
4294636438
4294636957
4294638054
4294638665
4294639792
4294641174
4294642872
4294643792
4294644457
4294644525
4294646706
4294647172
4294647907
4294648753
4294649079
4294649222
4294650433
4294650532
4294650775
4294651668
4294651731
4294652089
4294653487
4294653903
4294654216
4294654402
4294654822
4294656348
4294656837
4294657419
4294657684
4294658130
4294658363
4294659041
4294659202
4294659643
4294660125
4294660459
4294660920
4294661300
4294662046
4294662523
4294662940
4294663153
4294663750
4294664866
4294665502
4294665797
4294666073
4294666433
4294666722
4294666847
4294667942
4294668732
4294669112
4294671108
4294671775
4294672233
4294672730
4294673635
4294673794
4294674352
4294674726
4294674816
4294675335
4294675977
4294676321
4294676733
4294676875
4294677049
4294678322
4294678495
4294679183
4294679397
4294679469
4294679522
4294680611
4294681669
4294681822
4294682563
4294683761
4294684377
4294684642
4294684955
4294685253
4294685708
4294686631
4294687094
4294687575
4294821422
4294891578
4294928434
4294948862
4294961622
741
3760
5645
6992
8057
8868
9604
10169
10713
11180
11591
11933
12332
12726
13389
