4227816526
4227818755
4261369505
4261372679
4261379590
4272562832
4278131457
4278149430
4278160060
4278160651
4278163486
4281517096
4283747721
4285345456
4285345892
4285355531
4286542125
4286550046
4286554827
4287473280
4287480972
4287482511
4287488759
4288221721
4288832804
4288836798
4288838327
4288845759
4289344221
4289348105
4289774042
4289775855
4289781335
4289785077
4290148743
4290457995
4290466193
4290471804
4290740435
4290744131
4290750356
4290750975
4291206753
4291215986
4291405742
4291407448
4291409985
4291586770
4291591350
4291733464
4291748590
4291751329
4291887336
4291895652
4292021124
4292029253
4292030086
4292142961
4292148252
4292153847
4292258552
4292260001
4292356894
4292361581
4292366196
4292454702
4292456005
4292537610
4292621178
4292628602
4292705152
4292711209
4292773447
4292774283
4292779795
4292784612
4292846078
4292848132
4292902921
4292909166
4292914946
4292967960
4293027216
4293080978
4293083652
4293180458
4293182913
4293216400
4293269114
4293309421
4293314242
4293346823
4293355042
4293387247
4293421384
4293425864
4293445622
4293479243
4293487512
4293514870
4293517795
4293549189
4293551805
4293553133
4293571931
4293577335
4293582051
4293602825
4293605762
4293608274
4293609411
4293621091
4293630111
4293634508
4293635019
4293648534
4293678827
4293685981
4293707886
4293715876
4293731652
4293743163
4293752775
4293771632
4293789505
4293793566
4293795460
4293820113
4293832168
4293835196
4293842448
4293851089
4293859042
4293869191
4293877120
4293882109
4293895850
4293901496
4293916436
4293922079
4293926925
4293935159
4293947619
4293951377
4293957153
4293969410
4293984971
4293989983
4293991727
4293997512
4294010407
4294015461
4294019304
4294030457
4294040701
4294043877
4294048652
4294049164
4294054821
4294064837
4294071170
4294078246
4294080100
4294082500
4294093403
4294096688
4294101583
4294107736
4294111039
4294117304
4294119729
4294128091
4294129786
4294131043
4294141309
4294141628
4294147578
4294149547
4294160113
4294164060
4294167785
4294171720
4294177324
4294182122
4294188119
4294193461
4294194465
4294198555
4294202750
4294206534
4294208162
4294211423
4294215815
4294219685
4294225578
4294226495
4294228275
4294231169
4294231410
4294237303
4294242318
4294244083
4294249294
4294252032
4294255895
4294258679
4294260036
4294263078
4294268058
4294271056
4294276284
4294276739
4294281765
4294288202
4294288992
4294293177
4294295852
4294302558
4294304567
4294306546
4294311031
4294319034
4294320675
4294323646
4294324828
4294327742
4294329396
4294332870
4294335497
4294338561
4294339185
4294342905
4294350178
4294356414
4294357194
4294358592
4294361924
4294363366
4294363640
4294364147
4294366763
4294368174
4294370519
4294374250
4294375436
4294379208
4294381623
4294384086
4294386211
4294387152
4294389893
4294393426
4294394648
4294394928
4294395659
4294398096
4294400220
4294402039
4294404613
4294406840
4294409672
4294414596
4294415411
4294416000
4294417414
4294418904
4294421019
4294422530
4294423859
4294425280
4294425910
4294427034
4294428230
4294429722
4294432119
4294433399
4294434802
4294436655
4294436972
4294437128
4294437793
4294439457
4294441405
4294442808
4294446327
4294449949
4294452611
4294454744
4294455140
4294456644
4294459423
4294462989
4294464382
4294465139
4294465903
4294467594
4294471292
4294474273
4294475507
4294475986
4294477978
4294478832
4294479373
4294480189
4294481115
4294482159
4294482967
4294486506
4294487313
4294487669
4294488199
4294491341
4294491813
4294492496
4294496659
4294498057
4294499036
4294500902
4294501612
4294502896
4294504520
4294505501
4294506620
4294509543
4294510605
4294512131
4294513551
4294516917
4294519387
4294521010
4294524891
4294528058
4294530757
4294532219
4294533966
4294535103
4294538015
4294538742
4294538871
4294539106
4294541186
4294541613
4294542266
4294542808
4294543190
4294547596
4294547935
4294548589
4294549499
4294551306
4294552715
4294553075
4294554231
4294557207
4294557801
4294560281
4294560586
4294560941
4294561412
4294566623
4294567646
4294568822
4294569016
4294572568
4294573046
4294574838
4294576198
4294576344
4294576568
4294577804
4294578965
4294579491
4294580453
4294580795
4294581664
4294582472
4294583241
4294584278
4294585054
4294586372
4294586911
4294588158
4294588521
4294588880
4294589276
4294592180
4294592777
4294592912
4294593871
4294594226
4294594937
4294595925
4294596303
4294597695
4294599375
4294599721
4294601097
4294602164
4294602446
4294604071
4294604694
4294606267
4294606961
4294607515
4294608822
4294611579
4294612536
4294612644
4294614460
4294615025
4294615386
4294616854
4294617743
4294618427
4294619152
4294619441
4294619808
4294620946
4294622647
4294623673
4294624628
4294625624
4294626112
4294626388
4294626958
4294628361
4294628633
4294629497
4294630471
4294631269
4294631368
4294631481
4294632061
4294632379
4294633633
4294634880
4294635349
4294635583
4294637329
4294638755
4294640282
4294640773
4294641271
4294641932
4294643517
4294644191
4294644502
4294645486
4294645957
4294647019
4294647667
4294648130
4294648912
4294649295
4294649583
4294650201
4294650897
4294651680
4294653032
4294653821
4294654667
4294655052
4294655643
4294656473
4294656991
4294658809
4294659466
4294659873
4294660147
4294661369
4294661811
4294662293
4294663279
4294663964
4294664278
4294665362
4294666229
4294667128
4294667383
4294668925
4294669717
4294671659
4294671844
4294672276
4294672595
4294673450
4294673629
4294674122
4294674443
4294674882
4294676702
4294676978
4294677392
4294677575
4294677871
4294678305
4294678906
4294679398
4294680056
4294680540
4294681510
4294682057
4294682539
4294682859
4294683756
4294683911
4294685141
4294686415
4294686680
4294686979
4294687330
4294687778
4294688028
4294820115
4294890830
4294928608
4294949009
4294961677
787
3775
5640
6978
8035
8893
9561
10205
10715
11367
11791
12058
12225
12579
13404
