4227818166
4227818504
4227822226
4261361507
4261381063
4272564851
4278151005
4278155817
4278160549
4281515559
4281517541
4283744331
4283749977
4285346656
4285347798
4285353805
4286548324
4287483417
4288202926
4288225572
4288228648
4288232535
4288835578
4288839541
4289336781
4289349165
4289782897
4290139723
4290468210
4290469883
4290743102
4290992057
4290994385
4290995280
4291203774
4291218509
4291412003
4291587802
4291588146
4291590107
4291732586
4291747635
4291889326
4291897452
4292025204
4292027613
4292145445
4292262105
4292263092
4292361278
4292363077
4292452950
4292458619
4292544914
4292627288
4292705323
4292710688
4292714345
4292774837
4292781737
4292784481
4292848394
4292908092
4292966996
4293024841
4293031156
4293033247
4293070562
4293081189
4293180049
4293217266
4293223027
4293226037
4293304263
4293310561
4293342681
4293343971
4293375104
4293383917
4293388644
4293416684
4293420382
4293425170
4293447312
4293452854
4293456903
4293485127
4293515870
4293516878
4293539344
4293543446
4293549538
4293574288
4293576852
4293596074
4293601568
4293605770
4293606269
4293630126
4293673077
4293680969
4293684766
4293700890
4293724601
4293731684
4293740103
4293754845
4293770175
4293792432
4293802536
4293812780
4293815084
4293827054
4293829752
4293844785
4293851860
4293861390
4293865442
4293869233
4293871597
4293874745
4293888317
4293898326
4293903528
4293913858
4293917596
4293922509
4293928649
4293931075
4293944134
4293947665
4293955817
4293966848
4293975080
4293980316
4293987340
4293997437
4294009596
4294016047
4294024905
4294028276
4294033542
4294041465
4294052965
4294053902
4294062874
4294063657
4294067078
4294071544
4294079686
4294082612
4294090545
4294093356
4294097673
4294101102
4294103548
4294108056
4294113425
4294114741
4294125133
4294133528
4294138164
4294151894
4294157625
4294160706
4294162166
4294166346
4294173976
4294183147
4294185034
4294187185
4294192496
4294194015
4294199429
4294202363
4294204157
4294205877
4294207634
4294211581
4294214256
4294214643
4294220203
4294223866
4294229915
4294231913
4294243718
4294248454
4294248884
4294253929
4294258701
4294261720
4294263035
4294265179
4294269025
4294270958
4294272347
4294274595
4294276555
4294281492
4294282492
4294284713
4294286673
4294288921
4294289619
4294295100
4294296917
4294303163
4294305699
4294307465
4294308193
4294311279
4294317047
4294324412
4294325594
4294328110
4294333378
4294339322
4294339953
4294341532
4294347663
4294350949
4294357691
4294358545
4294361549
4294365312
4294376603
4294379471
4294380655
4294385097
4294389578
4294392450
4294396927
4294398354
4294401005
4294401778
4294403863
4294404613
4294407304
4294408180
4294409839
4294412121
4294414305
4294414912
4294415873
4294417343
4294418657
4294419671
4294421301
4294422598
4294424114
4294425659
4294426484
4294426919
4294428981
4294430981
4294431795
4294433713
4294436056
4294436772
4294439986
4294440868
4294443207
4294450208
4294455061
4294455106
4294456405
4294457779
4294458423
4294461374
4294463172
4294463386
4294465494
4294467221
4294468427
4294469605
4294470431
4294472078
4294473430
4294476924
4294478254
4294478666
4294479757
4294480885
4294482555
4294485179
4294488313
4294489692
4294490666
4294491515
4294492702
4294497218
4294498028
4294499621
4294500428
4294502692
4294504268
4294506841
4294508022
4294508778
4294509000
4294509455
4294510747
4294511780
4294514517
4294515828
4294518513
4294519596
4294521515
4294522292
4294523599
4294525980
4294526958
4294527596
4294527906
4294528737
4294529876
4294529907
4294530083
4294530500
4294532236
4294533057
4294534099
4294535332
4294538705
4294543753
4294546655
4294546931
4294547878
4294549928
4294551259
4294552537
4294553499
4294554065
4294556429
4294558216
4294559543
4294560829
4294562167
4294563306
4294563972
4294565397
4294565869
4294566293
4294566874
4294566959
4294567902
4294568754
4294569059
4294569529
4294570346
4294570663
4294572739
4294574503
4294575195
4294576096
4294576308
4294577013
4294579445
4294580273
4294582539
4294584027
4294584489
4294585324
4294586411
4294587135
4294587646
4294587847
4294588038
4294589267
4294589700
4294590826
4294593386
4294593794
4294595302
4294596309
4294598529
4294600006
4294600731
4294602046
4294602619
4294603388
4294603634
4294603792
4294605224
4294606084
4294606636
4294607215
4294607903
4294609123
4294609744
4294609932
4294610051
4294611060
4294611943
4294612740
4294613226
4294613881
4294614358
4294615411
4294616345
4294617183
4294618253
4294618853
4294619244
4294619506
4294619588
4294620026
4294620625
4294621973
4294622368
4294623612
4294623950
4294624244
4294624578
4294625900
4294626664
4294627109
4294627607
4294627699
4294628336
4294629019
4294629111
4294631303
4294631858
4294632357
4294632899
4294633547
4294634095
4294634369
4294635666
4294636418
4294636709
4294637265
4294637798
4294638469
4294639129
4294639753
4294640015
4294640239
4294640652
4294640987
4294641444
4294642328
4294642783
4294643022
4294644067
4294644127
4294645269
4294645989
4294646470
4294647143
4294648472
4294648777
4294649307
4294650900
4294652608
4294652969
4294653466
4294654959
4294655088
4294655216
4294656568
4294658308
4294659001
4294659514
4294660222
4294661060
4294661282
4294661928
4294662263
4294662366
4294662975
4294663676
4294664364
4294664438
4294664659
4294665260
4294666253
4294666855
4294667410
4294668749
4294669122
4294670629
4294671643
4294671803
4294672684
4294673053
4294673215
4294673259
4294673478
4294674375
4294675036
4294675614
4294676487
4294676790
4294677298
4294677811
4294678153
4294678352
4294679677
4294679982
4294680190
4294681276
4294681846
4294682761
4294682995
4294683404
4294683468
4294683815
4294684880
4294685222
4294685388
4294685446
4294822512
4294892482
4294928921
4294949070
4294961755
812
3778
5647
6972
8028
8892
9576
10236
10869
11315
11685
12147
12369
12433
12662
