4227816061
4261375934
4261382187
4272561909
4272567299
4272568342
4278151745
4278157583
4278163891
4278164599
4281513351
4283748264
4285350031
4285352017
4286538731
4286549619
4286553167
4287479463
4287480719
4287486366
4288224224
4288228564
4288842094
4289347874
4289348472
4289350557
4289777463
4290148307
4290151261
4290746207
4290993840
4290995613
4291212883
4291216472
4291412715
4291414411
4291574946
4291583787
4291593948
4291744591
4291747463
4291749307
4291750898
4291872239
4291886445
4291891463
4292023524
4292142661
4292144084
4292148218
4292249168
4292256341
4292365417
4292458794
4292544939
4292548512
4292628927
4292707913
4292771526
4292777129
4292778927
4292840083
4292844325
4292846235
4292901112
4292907107
4292914262
4292965468
4292969054
4292970250
4293076956
4293084002
4293085566
4293128926
4293173007
4293186388
4293221371
4293232383
4293267276
4293271107
4293312860
4293345405
4293386052
4293391565
4293418590
4293454063
4293454135
4293486550
4293513016
4293519053
4293547252
4293568206
4293574277
4293576995
4293582283
4293601452
4293606650
4293609553
4293645541
4293652767
4293657026
4293671584
4293680556
4293726051
4293743904
4293746888
4293771431
4293773932
4293788158
4293790620
4293793430
4293807455
4293811805
4293819221
4293832038
4293834813
4293846873
4293859624
4293862184
4293881920
4293884949
4293893447
4293898732
4293899991
4293901872
4293903181
4293922901
4293945635
4293946882
4293947275
4293947788
4293955833
4293970972
4293979923
4293996389
4294001527
4294003645
4294010755
4294019499
4294023774
4294030116
4294038939
4294042998
4294048481
4294052359
4294055293
4294065456
4294068222
4294072068
4294073888
4294080201
4294080687
4294086962
4294096818
4294097790
4294108582
4294119478
4294121286
4294124122
4294126740
4294128926
4294132498
4294139146
4294146083
4294149253
4294153500
4294155536
4294159668
4294162208
4294163370
4294170146
4294174150
4294179765
4294187552
4294196828
4294199686
4294203053
4294205807
4294206663
4294211919
4294217779
4294223923
4294224670
4294228152
4294229393
4294232708
4294235165
4294242836
4294247009
4294247855
4294254231
4294259149
4294259684
4294261739
4294263940
4294264465
4294270211
4294271445
4294272329
4294275702
4294277288
4294281161
4294285374
4294290804
4294302667
4294305377
4294308330
4294309248
4294314003
4294316320
4294317733
4294322573
4294323634
4294324377
4294330104
4294331630
4294333754
4294340759
4294340951
4294344014
4294347973
4294349783
4294351903
4294353105
4294353377
4294356051
4294360385
4294362762
4294368227
4294369524
4294372541
4294373579
4294374895
4294379073
4294380836
4294383312
4294384607
4294385797
4294387870
4294389510
4294391443
4294396852
4294397085
4294398017
4294398559
4294399705
4294404441
4294408871
4294412498
4294415206
4294415606
4294416110
4294416559
4294418778
4294421173
4294423147
4294424871
4294431165
4294433999
4294435590
4294436870
4294438379
4294439402
4294443255
4294445249
4294447058
4294447852
4294450532
4294451625
4294452243
4294452720
4294455244
4294456047
4294456156
4294457324
4294459319
4294460382
4294461089
4294463287
4294468133
4294470898
4294471838
4294475536
4294477230
4294479971
4294480689
4294481366
4294481709
4294483035
4294483602
4294486247
4294487081
4294489334
4294491026
4294493719
4294496510
4294497488
4294498388
4294499974
4294501077
4294502002
4294503395
4294505761
4294506219
4294506340
4294509502
4294510496
4294513053
4294513591
4294514322
4294516000
4294517348
4294517654
4294517867
4294520425
4294521147
4294522152
4294522759
4294523261
4294526035
4294527667
4294529421
4294529908
4294531861
4294533617
4294534234
4294534412
4294536359
4294537050
4294538269
4294539908
4294540026
4294540614
4294541226
4294541411
4294542377
4294543760
4294545007
4294546690
4294547568
4294548248
4294549509
4294551485
4294552370
4294552983
4294554143
4294555040
4294555068
4294555459
4294557719
4294561178
4294561682
4294563877
4294569029
4294570056
4294571961
4294572771
4294573993
4294574917
4294577339
4294579184
4294579930
4294580471
4294580932
4294581731
4294582875
4294584385
4294585054
4294586685
4294588576
4294590412
4294591922
4294593555
4294595812
4294597484
4294597604
4294598337
4294599343
4294600351
4294601041
4294601279
4294601659
4294602609
4294602960
4294603373
4294604794
4294605748
4294606503
4294606724
4294607211
4294607863
4294609561
4294610430
4294611109
4294612763
4294613540
4294613789
4294614691
4294615557
4294616248
4294618126
4294620891
4294622170
4294623154
4294623534
4294623825
4294624369
4294624568
4294625793
4294627197
4294628112
4294628773
4294628852
4294629179
4294629686
4294630595
4294631399
4294631831
4294632331
4294632885
4294634663
4294634893
4294635324
4294635857
4294636382
4294636644
4294637546
4294638614
4294639776
4294640526
4294642258
4294642795
4294644611
4294644995
4294645511
4294647415
4294647912
4294648022
4294648321
4294648878
4294649602
4294650104
4294651324
4294652091
4294652223
4294653269
4294653854
4294654818
4294656843
4294657048
4294658395
4294658875
4294659158
4294660055
4294661072
4294661338
4294661710
4294663160
4294664003
4294664709
4294664928
4294665664
4294666840
4294667629
4294668319
4294669500
4294669975
4294671796
4294671953
4294672680
4294673674
4294674257
4294675950
4294677673
4294678312
4294678911
4294679160
4294679732
4294680566
4294680696
4294680830
4294681007
4294681529
4294682054
4294682701
4294683489
4294684232
4294684779
4294685214
4294686132
4294686538
4294686835
4294687579
4294687792
4294688106
4294688301
4294688441
4294689622
4294690082
4294690244
4294690564
4294690701
4294690849
4294691335
4294691835
4294692515
4294692963
4294693563
4294693656
4294693893
4294694773
4294694950
4294695332
4294827721
4294892635
4294929042
4294949027
4294961758
863
3775
5631
6940
7998
8840
9559
10230
10745
11261
12011
12277
12562
12911
12989
