4227818400
4261379283
4261384127
4272565094
4272568265
4278143329
4278158053
4281509786
4281518159
4283749105
4283755839
4285353069
4285355418
4286540371
4286551740
4286553844
4286556298
4287477229
4287484571
4288220889
4288228580
4288230488
4289331802
4289345215
4289351213
4289776728
4289779868
4289783198
4290143929
4290151110
4290466214
4290466812
4290467134
4290469652
4290744201
4290746526
4290750102
4290995509
4291001108
4291212281
4291407834
4291409922
4291585301
4291586078
4291593532
4291738836
4291743272
4291886785
4291894241
4292025862
4292029482
4292144002
4292150853
4292256462
4292261202
4292352768
4292362470
4292364549
4292367441
4292456134
4292459670
4292462294
4292533054
4292546057
4292547532
4292621673
4292629399
4292701296
4292713109
4292775032
4292834829
4292843508
4292902698
4292904103
4292914351
4292972032
4293025361
4293025548
4293029897
4293134046
4293184206
4293225258
4293264596
4293270618
4293285033
4293304900
4293306622
4293310742
4293313625
4293347534
4293349228
4293383011
4293384568
4293389755
4293414036
4293449582
4293454430
4293460922
4293484883
4293488260
4293516590
4293519999
4293547020
4293551154
4293569172
4293578841
4293601629
4293621356
4293628979
4293632175
4293651601
4293659592
4293676555
4293678760
4293704285
4293709235
4293722895
4293730046
4293750429
4293762241
4293766208
4293766670
4293774915
4293785639
4293788882
4293795510
4293805768
4293809352
4293815900
4293822983
4293846586
4293855719
4293860757
4293868844
4293872643
4293882439
4293883285
4293885329
4293888984
4293903318
4293919500
4293922187
4293929854
4293944248
4293953208
4293963952
4293964833
4293977558
4293997271
4293998976
4294005192
4294022745
4294035110
4294036976
4294040259
4294041830
4294044397
4294060775
4294064955
4294069995
4294072156
4294077416
4294082030
4294093520
4294104390
4294106111
4294107735
4294112237
4294125984
4294131087
4294136586
4294145133
4294148757
4294150258
4294151612
4294159345
4294161268
4294163928
4294170871
4294173189
4294178807
4294182651
4294187801
4294192224
4294195863
4294205379
4294209657
4294214674
4294222267
4294222898
4294234942
4294237087
4294239468
4294241470
4294251465
4294254494
4294256554
4294260793
4294264904
4294267409
4294269970
4294271719
4294272979
4294276523
4294281161
4294283122
4294287010
4294289219
4294295590
4294298509
4294301407
4294302677
4294304615
4294309575
4294312496
4294312912
4294315321
4294320559
4294323488
4294324717
4294327820
4294328248
4294330478
4294331843
4294332719
4294336083
4294337638
4294338293
4294343830
4294346563
4294349327
4294354512
4294359229
4294360610
4294362807
4294364789
4294369183
4294370195
4294375296
4294377455
4294378342
4294380421
4294380590
4294385968
4294387122
4294389656
4294391722
4294392084
4294395213
4294399888
4294401085
4294403479
4294405154
4294409496
4294413010
4294414424
4294416468
4294418827
4294420782
4294422585
4294425161
4294428204
4294430220
4294431817
4294433642
4294435145
4294438210
4294441952
4294443835
4294444772
4294445416
4294446876
4294448436
4294449328
4294450421
4294453897
4294454836
4294455984
4294460222
4294461255
4294463449
4294467269
4294468764
4294470663
4294472729
4294472923
4294473359
4294475638
4294478229
4294479383
4294481242
4294481389
4294482261
4294482653
4294483752
4294484581
4294489342
4294492188
4294495815
4294499465
4294502620
4294504159
4294505076
4294506173
4294508493
4294509433
4294510683
4294514373
4294514859
4294515070
4294516225
4294517018
4294518045
4294519595
4294520737
4294521422
4294523480
4294525432
4294526102
4294527568
4294527879
4294529487
4294529835
4294531632
4294534465
4294536407
4294538732
4294539277
4294542635
4294543699
4294544683
4294546985
4294548822
4294549528
4294550496
4294552949
4294554489
4294555438
4294557024
4294557520
4294558451
4294559174
4294560261
4294560676
4294562185
4294562661
4294564124
4294564852
4294565624
4294566833
4294566891
4294568006
4294572023
4294572455
4294575047
4294576004
4294578508
4294578903
4294580350
4294582789
4294583256
4294583602
4294583888
4294584028
4294584295
4294584779
4294585774
4294586438
4294588119
4294588826
4294590101
4294590711
4294591152
4294591925
4294593400
4294596119
4294597060
4294598682
4294599044
4294601419
4294604300
4294605061
4294605737
4294606120
4294606458
4294607189
4294607847
4294608051
4294608203
4294608880
4294609940
4294610488
4294612040
4294612900
4294614646
4294615591
4294616070
4294616236
4294616973
4294617459
4294617871
4294619478
4294620172
4294622250
4294622430
4294623805
4294624840
4294625445
4294626149
4294626353
4294626892
4294627971
4294628147
4294628253
4294629206
4294629388
4294630270
4294630795
4294631320
4294631379
4294632563
4294633837
4294635911
4294636373
4294636617
4294636835
4294637707
4294638180
4294640362
4294640471
4294641275
4294642737
4294643211
4294643859
4294644077
4294644758
4294645447
4294646045
4294646595
4294647246
4294647907
4294648372
4294648715
4294649477
4294649859
4294650198
4294650605
4294650792
4294651757
4294652626
4294653265
4294655187
4294656001
4294656082
4294656319
4294656703
4294656765
4294657011
4294659770
4294660308
4294661267
4294661515
4294662238
4294663240
4294663337
4294663520
4294664425
4294665043
4294665626
4294665845
4294666748
4294667242
4294667979
4294669017
4294669589
4294670081
4294670482
4294671864
4294672878
4294673431
4294673628
4294675491
4294675587
4294676420
4294676524
4294676750
4294677635
4294679222
4294680037
4294680549
4294682216
4294683007
4294684499
4294685306
4294685917
4294686873
4294688032
4294688670
4294688863
4294689653
4294690219
4294690667
4294691088
4294691220
4294691757
4294692165
4294692644
4294692976
4294693007
4294693871
4294694234
4294694920
4294695380
4294825675
4294893095
4294929430
4294949233
4294961729
855
3823
5683
6988
8085
8882
9571
10270
10667
11109
11500
11848
12467
13014
13201
