4227813629
4227822719
4227824538
4227825187
4261377472
4261382575
4272554240
4278153054
4278158889
4278161790
4281495386
4283753655
4285338519
4285351980
4285356478
4286541999
4286549836
4286552770
4286555091
4287483560
4288224767
4288228638
4288233911
4289344929
4289351851
4289353199
4289780029
4289781478
4290139146
4290144374
4290149293
4290746629
4290984861
4290996340
4291000419
4291003397
4291217169
4291403821
4291412203
4291582511
4291596424
4291744357
4291746215
4291748420
4291752060
4291893086
4292021327
4292141376
4292145677
4292150690
4292257495
4292365452
4292458911
4292542488
4292545706
4292548759
4292550237
4292625848
4292628487
4292635257
4292704107
4292709816
4292773245
4292776670
4292778330
4292787537
4292844074
4292848088
4292896818
4292909133
4292912720
4292955613
4292968757
4292974904
4292976092
4293024501
4293026882
4293033308
4293078144
4293079224
4293124676
4293131914
4293133680
4293164270
4293170898
4293178545
4293221582
4293228247
4293276554
4293306784
4293343105
4293348189
4293350754
4293379084
4293385895
4293455166
4293486128
4293487211
4293490360
4293516029
4293520914
4293553736
4293574593
4293579730
4293581150
4293597862
4293622704
4293635954
4293649877
4293670925
4293674569
4293675663
4293680210
4293684759
4293701212
4293703640
4293722580
4293730962
4293753287
4293762921
4293766610
4293786339
4293791459
4293802974
4293812303
4293816586
4293831483
4293846872
4293852560
4293867401
4293867657
4293878426
4293881152
4293885475
4293890916
4293902850
4293903849
4293914412
4293918127
4293921279
4293928465
4293934131
4293940350
4293944266
4293948188
4293948389
4293951946
4293962040
4293964755
4293970067
4293972813
4293975147
4293987767
4293990218
4293995377
4294000240
4294016515
4294028307
4294030363
4294040789
4294046635
4294050175
4294056963
4294066880
4294069897
4294073707
4294076401
4294078053
4294080804
4294111673
4294118237
4294121632
4294124499
4294131516
4294132501
4294140738
4294141996
4294144659
4294151842
4294152415
4294155813
4294162544
4294163489
4294167525
4294170380
4294176192
4294183596
4294189393
4294193419
4294203229
4294206110
4294212308
4294215573
4294219159
4294221274
4294224047
4294225129
4294235995
4294240862
4294241149
4294244041
4294250139
4294255110
4294257057
4294267348
4294273316
4294277800
4294280804
4294283686
4294285993
4294290826
4294291451
4294291691
4294300361
4294306679
4294314039
4294316917
4294321066
4294322747
4294323209
4294327193
4294330859
4294334553
4294338789
4294340593
4294341226
4294346305
4294352751
4294356779
4294358967
4294360763
4294364442
4294366971
4294369760
4294373265
4294375655
4294377680
4294382976
4294384942
4294387909
4294390827
4294392739
4294395927
4294399467
4294401644
4294405465
4294407360
4294409211
4294410591
4294412133
4294414212
4294416295
4294417347
4294418789
4294419372
4294421995
4294424555
4294424919
4294427296
4294427749
4294429602
4294431684
4294433393
4294434096
4294435063
4294437326
4294441765
4294444598
4294445851
4294448351
4294451765
4294453632
4294454973
4294456690
4294457836
4294458400
4294458942
4294462541
4294465486
4294468021
4294468884
4294469360
4294470006
4294471240
4294474482
4294475296
4294475991
4294478470
4294478976
4294483655
4294485917
4294487634
4294490773
4294493133
4294495980
4294497945
4294498194
4294498409
4294499726
4294503456
4294504359
4294506267
4294507140
4294507896
4294508640
4294509910
4294510688
4294513178
4294514046
4294515231
4294517102
4294517356
4294519961
4294520830
4294523336
4294523829
4294526574
4294528906
4294531141
4294533484
4294534683
4294537491
4294537854
4294541573
4294542620
4294546402
4294548199
4294548644
4294549616
4294551026
4294551433
4294553397
4294555403
4294557823
4294558550
4294559336
4294560876
4294561743
4294563712
4294565943
4294566924
4294567215
4294567738
4294567788
4294568256
4294568640
4294569498
4294570661
4294571399
4294572012
4294572878
4294573677
4294575134
4294576539
4294577920
4294579874
4294580417
4294580740
4294581112
4294582127
4294582630
4294582828
4294583745
4294584228
4294584871
4294585010
4294586414
4294586564
4294586776
4294587331
4294587826
4294589528
4294590523
4294591321
4294592093
4294593884
4294595277
4294596359
4294596840
4294598946
4294599510
4294600408
4294601110
4294602055
4294604413
4294604556
4294604926
4294606511
4294607349
4294609279
4294609943
4294611351
4294611507
4294612044
4294612371
4294614007
4294614709
4294614983
4294615662
4294616759
4294620228
4294621107
4294623247
4294624544
4294625506
4294626238
4294626739
4294627438
4294627592
4294627934
4294628188
4294629914
4294630699
4294630862
4294631310
4294631971
4294632144
4294633749
4294634225
4294635470
4294636021
4294637412
4294638121
4294638526
4294638948
4294639548
4294640313
4294641110
4294641191
4294642192
4294642455
4294644907
4294645386
4294646469
4294646792
4294646890
4294647221
4294648059
4294649451
4294649705
4294651029
4294651582
4294651870
4294652060
4294652549
4294654225
4294654680
4294655397
4294657297
4294658688
4294659129
4294660362
4294660739
4294661033
4294661491
4294661769
4294661985
4294662163
4294662919
4294663077
4294663254
4294664921
4294664995
4294665148
4294665337
4294665960
4294666183
4294666315
4294666668
4294667227
4294667890
4294668252
4294668968
4294670122
4294670306
4294671582
4294672117
4294673192
4294674093
4294674894
4294675762
4294676053
4294676357
4294676518
4294676714
4294677078
4294677952
4294678168
4294678674
4294679783
4294680763
4294681867
4294683235
4294683717
4294683965
4294684318
4294684398
4294684687
4294684724
4294685005
4294685544
4294685663
4294685743
4294687074
4294688043
4294689297
4294689650
4294689805
4294690301
4294690797
4294691025
4294691394
4294691732
4294826441
4294893084
4294929027
4294949030
4294961744
811
3785
5646
6987
8039
8879
9626
10258
10788
11268
11757
12545
12754
13027
13056
